Id,Predicted
0, 0.57
1, 0.33
2, 0.59
3, 0.59
4, 0.51
5, 0.60
6, 0.39
7, 0.46
8, 0.52
9, 0.45
10, 0.62
11, 0.36
12, 0.52
13, 0.63
14, 0.46
15, 0.56
16, 0.51
17, 0.51
18, 0.57
19, 0.29
20, 0.50
21, 0.41
22, 0.49
23, 0.40
24, 0.53
25, 0.46
26, 0.43
27, 0.41
28, 0.58
29, 0.43
30, 0.52
31, 0.57
32, 0.69
33, 0.49
34, 0.57
35, 0.54
36, 0.54
37, 0.53
38, 0.37
39, 0.60
40, 0.55
41, 0.39
42, 0.55
43, 0.50
44, 0.49
45, 0.58
46, 0.46
47, 0.32
48, 0.50
49, 0.48
50, 0.57
51, 0.47
52, 0.23
53, 0.34
54, 0.36
55, 0.45
56, 0.45
57, 0.46
58, 0.35
59, 0.45
60, 0.43
61, 0.45
62, 0.53
63, 0.41
64, 0.51
65, 0.46
66, 0.45
67, 0.58
68, 0.44
69, 0.55
70, 0.49
71, 0.59
72, 0.32
73, 0.34
74, 0.40
75, 0.43
76, 0.43
77, 0.64
78, 0.37
79, 0.34
80, 0.38
81, 0.47
82, 0.59
83, 0.63
84, 0.49
85, 0.59
86, 0.57
87, 0.41
88, 0.45
89, 0.62
90, 0.48
91, 0.46
92, 0.54
93, 0.54
94, 0.49
95, 0.56
96, 0.39
97, 0.57
98, 0.51
99, 0.42
100, 0.49
101, 0.43
102, 0.44
103, 0.39
104, 0.48
105, 0.60
106, 0.34
107, 0.44
108, 0.41
109, 0.57
110, 0.56
111, 0.49
112, 0.29
113, 0.54
114, 0.51
115, 0.54
116, 0.55
117, 0.43
118, 0.37
119, 0.42
120, 0.45
121, 0.52
122, 0.57
123, 0.31
124, 0.36
125, 0.52
126, 0.45
127, 0.59
128, 0.50
129, 0.46
130, 0.46
131, 0.64
132, 0.54
133, 0.63
134, 0.38
135, 0.48
136, 0.42
137, 0.27
138, 0.52
139, 0.55
140, 0.60
141, 0.50
142, 0.59
143, 0.56
144, 0.55
145, 0.49
146, 0.52
147, 0.35
148, 0.45
149, 0.29
150, 0.30
151, 0.53
152, 0.38
153, 0.37
154, 0.53
155, 0.59
156, 0.58
157, 0.62
158, 0.58
159, 0.39
160, 0.66
161, 0.54
162, 0.51
163, 0.57
164, 0.52
165, 0.50
166, 0.36
167, 0.38
168, 0.45
169, 0.51
170, 0.50
171, 0.68
172, 0.57
173, 0.49
174, 0.56
175, 0.52
176, 0.50
177, 0.43
178, 0.43
179, 0.49
180, 0.36
181, 0.42
182, 0.39
183, 0.44
184, 0.38
185, 0.52
186, 0.57
187, 0.51
188, 0.69
189, 0.48
190, 0.55
191, 0.52
192, 0.57
193, 0.60
194, 0.40
195, 0.23
196, 0.44
197, 0.46
198, 0.44
199, 0.34
200, 0.50
201, 0.36
202, 0.51
203, 0.46
204, 0.57
205, 0.55
206, 0.50
207, 0.41
208, 0.39
209, 0.58
210, 0.47
211, 0.51
212, 0.46
213, 0.37
214, 0.35
215, 0.45
216, 0.58
217, 0.41
218, 0.50
219, 0.60
220, 0.41
221, 0.48
222, 0.43
223, 0.50
224, 0.41
225, 0.53
226, 0.40
227, 0.39
228, 0.50
229, 0.52
230, 0.31
231, 0.46
232, 0.50
233, 0.41
234, 0.48
235, 0.57
236, 0.51
237, 0.51
238, 0.55
239, 0.49
240, 0.55
241, 0.47
242, 0.48
243, 0.50
244, 0.62
245, 0.45
246, 0.46
247, 0.46
248, 0.39
249, 0.25
250, 0.46
251, 0.41
252, 0.54
253, 0.43
254, 0.50
255, 0.46
256, 0.64
257, 0.53
258, 0.41
259, 0.55
260, 0.30
261, 0.33
262, 0.50
263, 0.56
264, 0.53
265, 0.49
266, 0.55
267, 0.51
268, 0.53
269, 0.52
270, 0.57
271, 0.50
272, 0.49
273, 0.49
274, 0.57
275, 0.34
276, 0.49
277, 0.31
278, 0.44
279, 0.50
280, 0.66
281, 0.62
282, 0.58
283, 0.40
284, 0.52
285, 0.58
286, 0.45
287, 0.39
288, 0.51
289, 0.55
290, 0.54
291, 0.31
292, 0.43
293, 0.61
294, 0.24
295, 0.54
296, 0.41
297, 0.48
298, 0.42
299, 0.67
300, 0.47
301, 0.57
302, 0.44
303, 0.42
304, 0.50
305, 0.56
306, 0.46
307, 0.46
308, 0.52
309, 0.68
310, 0.58
311, 0.49
312, 0.57
313, 0.45
314, 0.49
315, 0.60
316, 0.54
317, 0.49
318, 0.54
319, 0.38
320, 0.43
321, 0.61
322, 0.60
323, 0.30
324, 0.64
325, 0.31
326, 0.55
327, 0.46
328, 0.46
329, 0.64
330, 0.60
331, 0.49
332, 0.50
333, 0.45
334, 0.50
335, 0.36
336, 0.52
337, 0.50
338, 0.54
339, 0.49
340, 0.56
341, 0.49
342, 0.45
343, 0.54
344, 0.50
345, 0.60
346, 0.41
347, 0.52
348, 0.54
349, 0.48
350, 0.58
351, 0.46
352, 0.57
353, 0.44
354, 0.37
355, 0.56
356, 0.41
357, 0.47
358, 0.50
359, 0.37
360, 0.30
361, 0.59
362, 0.52
363, 0.62
364, 0.48
365, 0.57
366, 0.63
367, 0.42
368, 0.45
369, 0.31
370, 0.54
371, 0.46
372, 0.48
373, 0.60
374, 0.39
375, 0.59
376, 0.53
377, 0.56
378, 0.41
379, 0.58
380, 0.59
381, 0.60
382, 0.42
383, 0.60
384, 0.64
385, 0.59
386, 0.50
387, 0.42
388, 0.53
389, 0.51
390, 0.46
391, 0.54
392, 0.61
393, 0.52
394, 0.54
395, 0.58
396, 0.54
397, 0.54
398, 0.61
399, 0.54
400, 0.50
401, 0.41
402, 0.58
403, 0.64
404, 0.36
405, 0.57
406, 0.34
407, 0.51
408, 0.61
409, 0.51
410, 0.48
411, 0.35
412, 0.46
413, 0.55
414, 0.32
415, 0.43
416, 0.60
417, 0.57
418, 0.55
419, 0.38
420, 0.57
421, 0.50
422, 0.49
423, 0.53
424, 0.52
425, 0.46
426, 0.38
427, 0.59
428, 0.59
429, 0.29
430, 0.55
431, 0.45
432, 0.67
433, 0.33
434, 0.64
435, 0.48
436, 0.43
437, 0.41
438, 0.56
439, 0.45
440, 0.29
441, 0.46
442, 0.23
443, 0.45
444, 0.56
445, 0.59
446, 0.61
447, 0.35
448, 0.51
449, 0.38
450, 0.32
451, 0.52
452, 0.58
453, 0.37
454, 0.34
455, 0.44
456, 0.59
457, 0.55
458, 0.52
459, 0.54
460, 0.52
461, 0.55
462, 0.62
463, 0.59
464, 0.56
465, 0.55
466, 0.38
467, 0.43
468, 0.44
469, 0.53
470, 0.50
471, 0.62
472, 0.46
473, 0.64
474, 0.39
475, 0.59
476, 0.56
477, 0.53
478, 0.50
479, 0.48
480, 0.66
481, 0.38
482, 0.65
483, 0.35
484, 0.52
485, 0.52
486, 0.46
487, 0.62
488, 0.56
489, 0.59
490, 0.43
491, 0.50
492, 0.43
493, 0.60
494, 0.49
495, 0.30
496, 0.23
497, 0.39
498, 0.38
499, 0.61
500, 0.48
501, 0.31
502, 0.57
503, 0.60
504, 0.67
505, 0.62
506, 0.50
507, 0.68
508, 0.53
509, 0.52
510, 0.54
511, 0.54
512, 0.55
513, 0.38
514, 0.47
515, 0.59
516, 0.38
517, 0.53
518, 0.45
519, 0.33
520, 0.44
521, 0.54
522, 0.64
523, 0.62
524, 0.51
525, 0.46
526, 0.42
527, 0.54
528, 0.55
529, 0.61
530, 0.49
531, 0.45
532, 0.61
533, 0.58
534, 0.43
535, 0.52
536, 0.53
537, 0.34
538, 0.51
539, 0.45
540, 0.64
541, 0.46
542, 0.45
543, 0.62
544, 0.41
545, 0.43
546, 0.61
547, 0.50
548, 0.53
549, 0.39
550, 0.55
551, 0.46
552, 0.54
553, 0.27
554, 0.55
555, 0.56
556, 0.34
557, 0.54
558, 0.55
559, 0.43
560, 0.39
561, 0.49
562, 0.62
563, 0.62
564, 0.41
565, 0.61
566, 0.32
567, 0.50
568, 0.45
569, 0.60
570, 0.53
571, 0.52
572, 0.58
573, 0.35
574, 0.45
575, 0.52
576, 0.50
577, 0.59
578, 0.53
579, 0.52
580, 0.54
581, 0.52
582, 0.47
583, 0.45
584, 0.52
585, 0.56
586, 0.50
587, 0.63
588, 0.55
589, 0.23
590, 0.55
591, 0.58
592, 0.59
593, 0.48
594, 0.45
595, 0.33
596, 0.54
597, 0.52
598, 0.55
599, 0.49
600, 0.52
601, 0.64
602, 0.62
603, 0.51
604, 0.52
605, 0.50
606, 0.47
607, 0.52
608, 0.63
609, 0.30
610, 0.53
611, 0.47
612, 0.52
613, 0.36
614, 0.49
615, 0.62
616, 0.45
617, 0.41
618, 0.39
619, 0.38
620, 0.50
621, 0.46
622, 0.47
623, 0.45
624, 0.46
625, 0.52
626, 0.39
627, 0.51
628, 0.50
629, 0.48
630, 0.61
631, 0.56
632, 0.30
633, 0.50
634, 0.40
635, 0.44
636, 0.66
637, 0.53
638, 0.45
639, 0.45
640, 0.30
641, 0.54
642, 0.50
643, 0.49
644, 0.50
645, 0.59
646, 0.30
647, 0.30
648, 0.59
649, 0.55
650, 0.31
651, 0.52
652, 0.57
653, 0.63
654, 0.39
655, 0.50
656, 0.62
657, 0.50
658, 0.52
659, 0.59
660, 0.49
661, 0.43
662, 0.48
663, 0.59
664, 0.53
665, 0.30
666, 0.46
667, 0.57
668, 0.55
669, 0.56
670, 0.46
671, 0.53
672, 0.53
673, 0.52
674, 0.34
675, 0.55
676, 0.46
677, 0.55
678, 0.53
679, 0.53
680, 0.59
681, 0.45
682, 0.60
683, 0.58
684, 0.53
685, 0.59
686, 0.42
687, 0.62
688, 0.34
689, 0.46
690, 0.36
691, 0.34
692, 0.53
693, 0.50
694, 0.39
695, 0.57
696, 0.49
697, 0.58
698, 0.39
699, 0.44
700, 0.54
701, 0.30
702, 0.46
703, 0.52
704, 0.32
705, 0.64
706, 0.46
707, 0.45
708, 0.51
709, 0.50
710, 0.47
711, 0.47
712, 0.45
713, 0.45
714, 0.53
715, 0.35
716, 0.48
717, 0.32
718, 0.27
719, 0.59
720, 0.47
721, 0.54
722, 0.46
723, 0.46
724, 0.36
725, 0.62
726, 0.52
727, 0.53
728, 0.55
729, 0.65
730, 0.42
731, 0.34
732, 0.53
733, 0.54
734, 0.49
735, 0.50
736, 0.56
737, 0.55
738, 0.61
739, 0.30
740, 0.64
741, 0.32
742, 0.32
743, 0.34
744, 0.46
745, 0.53
746, 0.47
747, 0.54
748, 0.33
749, 0.52
750, 0.46
751, 0.52
752, 0.55
753, 0.39
754, 0.53
755, 0.48
756, 0.62
757, 0.58
758, 0.49
759, 0.46
760, 0.48
761, 0.41
762, 0.38
763, 0.38
764, 0.48
765, 0.62
766, 0.47
767, 0.62
768, 0.47
769, 0.52
770, 0.60
771, 0.45
772, 0.58
773, 0.66
774, 0.55
775, 0.59
776, 0.60
777, 0.66
778, 0.59
779, 0.52
780, 0.54
781, 0.59
782, 0.58
783, 0.54
784, 0.53
785, 0.51
786, 0.42
787, 0.48
788, 0.41
789, 0.33
790, 0.50
791, 0.45
792, 0.59
793, 0.58
794, 0.50
795, 0.52
796, 0.46
797, 0.58
798, 0.51
799, 0.61
800, 0.53
801, 0.57
802, 0.57
803, 0.23
804, 0.35
805, 0.39
806, 0.34
807, 0.55
808, 0.34
809, 0.54
810, 0.55
811, 0.55
812, 0.50
813, 0.33
814, 0.49
815, 0.43
816, 0.56
817, 0.52
818, 0.33
819, 0.51
820, 0.60
821, 0.43
822, 0.37
823, 0.61
824, 0.50
825, 0.41
826, 0.57
827, 0.48
828, 0.60
829, 0.46
830, 0.55
831, 0.58
832, 0.53
833, 0.52
834, 0.59
835, 0.55
836, 0.62
837, 0.58
838, 0.51
839, 0.58
840, 0.59
841, 0.43
842, 0.37
843, 0.50
844, 0.29
845, 0.54
846, 0.42
847, 0.39
848, 0.41
849, 0.51
850, 0.54
851, 0.40
852, 0.69
853, 0.53
854, 0.43
855, 0.54
856, 0.31
857, 0.43
858, 0.55
859, 0.54
860, 0.61
861, 0.45
862, 0.68
863, 0.41
864, 0.57
865, 0.59
866, 0.40
867, 0.32
868, 0.47
869, 0.45
870, 0.48
871, 0.62
872, 0.43
873, 0.59
874, 0.51
875, 0.38
876, 0.54
877, 0.63
878, 0.47
879, 0.69
880, 0.49
881, 0.52
882, 0.44
883, 0.37
884, 0.63
885, 0.56
886, 0.50
887, 0.41
888, 0.48
889, 0.40
890, 0.53
891, 0.48
892, 0.64
893, 0.48
894, 0.61
895, 0.56
896, 0.48
897, 0.35
898, 0.49
899, 0.51
900, 0.48
901, 0.57
902, 0.41
903, 0.51
904, 0.54
905, 0.58
906, 0.63
907, 0.52
908, 0.59
909, 0.57
910, 0.32
911, 0.57
912, 0.44
913, 0.36
914, 0.38
915, 0.54
916, 0.39
917, 0.59
918, 0.50
919, 0.52
920, 0.48
921, 0.46
922, 0.48
923, 0.49
924, 0.56
925, 0.61
926, 0.59
927, 0.59
928, 0.45
929, 0.48
930, 0.57
931, 0.48
932, 0.39
933, 0.51
934, 0.57
935, 0.47
936, 0.59
937, 0.52
938, 0.56
939, 0.58
940, 0.49
941, 0.33
942, 0.35
943, 0.66
944, 0.54
945, 0.43
946, 0.66
947, 0.66
948, 0.52
949, 0.54
950, 0.53
951, 0.48
952, 0.39
953, 0.62
954, 0.39
955, 0.57
956, 0.55
957, 0.55
958, 0.46
959, 0.51
960, 0.42
961, 0.52
962, 0.60
963, 0.49
964, 0.23
965, 0.31
966, 0.54
967, 0.49
968, 0.50
969, 0.50
970, 0.36
971, 0.38
972, 0.58
973, 0.30
974, 0.50
975, 0.55
976, 0.62
977, 0.55
978, 0.58
979, 0.40
980, 0.55
981, 0.46
982, 0.64
983, 0.50
984, 0.24
985, 0.43
986, 0.51
987, 0.46
988, 0.49
989, 0.60
990, 0.43
991, 0.51
992, 0.51
993, 0.60
994, 0.23
995, 0.40
996, 0.48
997, 0.44
998, 0.32
999, 0.59
1000, 0.57
1001, 0.60
1002, 0.44
1003, 0.53
1004, 0.47
1005, 0.55
1006, 0.54
1007, 0.47
1008, 0.50
1009, 0.41
1010, 0.50
1011, 0.36
1012, 0.39
1013, 0.64
1014, 0.43
1015, 0.37
1016, 0.49
1017, 0.37
1018, 0.59
1019, 0.51
1020, 0.43
1021, 0.42
1022, 0.41
1023, 0.49
1024, 0.59
1025, 0.41
1026, 0.59
1027, 0.56
1028, 0.60
1029, 0.41
1030, 0.41
1031, 0.55
1032, 0.51
1033, 0.64
1034, 0.58
1035, 0.49
1036, 0.49
1037, 0.46
1038, 0.61
1039, 0.59
1040, 0.36
1041, 0.54
1042, 0.55
1043, 0.39
1044, 0.51
1045, 0.62
1046, 0.55
1047, 0.56
1048, 0.38
1049, 0.51
1050, 0.36
1051, 0.62
1052, 0.52
1053, 0.54
1054, 0.52
1055, 0.59
1056, 0.22
1057, 0.49
1058, 0.48
1059, 0.35
1060, 0.56
1061, 0.39
1062, 0.50
1063, 0.53
1064, 0.46
1065, 0.49
1066, 0.60
1067, 0.61
1068, 0.51
1069, 0.49
1070, 0.42
1071, 0.55
1072, 0.52
1073, 0.65
1074, 0.23
1075, 0.51
1076, 0.42
1077, 0.45
1078, 0.49
1079, 0.50
1080, 0.41
1081, 0.27
1082, 0.45
1083, 0.61
1084, 0.42
1085, 0.43
1086, 0.39
1087, 0.58
1088, 0.61
1089, 0.54
1090, 0.54
1091, 0.55
1092, 0.47
1093, 0.50
1094, 0.38
1095, 0.58
1096, 0.39
1097, 0.53
1098, 0.52
1099, 0.62
1100, 0.55
1101, 0.58
1102, 0.55
1103, 0.57
1104, 0.68
1105, 0.41
1106, 0.42
1107, 0.49
1108, 0.49
1109, 0.49
1110, 0.46
1111, 0.27
1112, 0.57
1113, 0.65
1114, 0.49
1115, 0.56
1116, 0.46
1117, 0.48
1118, 0.62
1119, 0.57
1120, 0.42
1121, 0.47
1122, 0.52
1123, 0.34
1124, 0.42
1125, 0.60
1126, 0.45
1127, 0.47
1128, 0.57
1129, 0.33
1130, 0.58
1131, 0.51
1132, 0.43
1133, 0.46
1134, 0.58
1135, 0.32
1136, 0.46
1137, 0.34
1138, 0.44
1139, 0.48
1140, 0.46
1141, 0.47
1142, 0.38
1143, 0.54
1144, 0.46
1145, 0.53
1146, 0.50
1147, 0.44
1148, 0.46
1149, 0.51
1150, 0.45
1151, 0.55
1152, 0.60
1153, 0.36
1154, 0.32
1155, 0.44
1156, 0.41
1157, 0.57
1158, 0.50
1159, 0.52
1160, 0.47
1161, 0.46
1162, 0.51
1163, 0.50
1164, 0.61
1165, 0.48
1166, 0.50
1167, 0.52
1168, 0.54
1169, 0.54
1170, 0.60
1171, 0.49
1172, 0.51
1173, 0.51
1174, 0.62
1175, 0.60
1176, 0.51
1177, 0.43
1178, 0.45
1179, 0.61
1180, 0.45
1181, 0.37
1182, 0.52
1183, 0.60
1184, 0.56
1185, 0.55
1186, 0.54
1187, 0.48
1188, 0.57
1189, 0.61
1190, 0.40
1191, 0.59
1192, 0.53
1193, 0.64
1194, 0.48
1195, 0.55
1196, 0.62
1197, 0.35
1198, 0.42
1199, 0.56
1200, 0.61
1201, 0.40
1202, 0.49
1203, 0.54
1204, 0.63
1205, 0.66
1206, 0.57
1207, 0.52
1208, 0.30
1209, 0.47
1210, 0.44
1211, 0.43
1212, 0.55
1213, 0.55
1214, 0.34
1215, 0.37
1216, 0.41
1217, 0.30
1218, 0.49
1219, 0.61
1220, 0.30
1221, 0.50
1222, 0.59
1223, 0.41
1224, 0.54
1225, 0.34
1226, 0.42
1227, 0.35
1228, 0.46
1229, 0.52
1230, 0.48
1231, 0.47
1232, 0.55
1233, 0.31
1234, 0.61
1235, 0.58
1236, 0.50
1237, 0.55
1238, 0.49
1239, 0.46
1240, 0.51
1241, 0.49
1242, 0.32
1243, 0.51
1244, 0.59
1245, 0.56
1246, 0.47
1247, 0.31
1248, 0.46
1249, 0.57
1250, 0.58
1251, 0.46
1252, 0.45
1253, 0.57
1254, 0.40
1255, 0.55
1256, 0.57
1257, 0.42
1258, 0.54
1259, 0.57
1260, 0.48
1261, 0.49
1262, 0.29
1263, 0.41
1264, 0.52
1265, 0.43
1266, 0.54
1267, 0.47
1268, 0.43
1269, 0.57
1270, 0.59
1271, 0.47
1272, 0.43
1273, 0.58
1274, 0.51
1275, 0.32
1276, 0.58
1277, 0.46
1278, 0.52
1279, 0.55
1280, 0.36
1281, 0.39
1282, 0.44
1283, 0.39
1284, 0.55
1285, 0.46
1286, 0.48
1287, 0.58
1288, 0.54
1289, 0.58
1290, 0.64
1291, 0.56
1292, 0.50
1293, 0.49
1294, 0.61
1295, 0.66
1296, 0.41
1297, 0.54
1298, 0.59
1299, 0.54
1300, 0.35
1301, 0.60
1302, 0.48
1303, 0.40
1304, 0.47
1305, 0.52
1306, 0.52
1307, 0.59
1308, 0.55
1309, 0.49
1310, 0.50
1311, 0.46
1312, 0.30
1313, 0.41
1314, 0.60
1315, 0.60
1316, 0.39
1317, 0.47
1318, 0.46
1319, 0.38
1320, 0.43
1321, 0.44
1322, 0.46
1323, 0.58
1324, 0.51
1325, 0.53
1326, 0.49
1327, 0.50
1328, 0.51
1329, 0.41
1330, 0.62
1331, 0.57
1332, 0.48
1333, 0.43
1334, 0.59
1335, 0.55
1336, 0.62
1337, 0.43
1338, 0.57
1339, 0.51
1340, 0.60
1341, 0.49
1342, 0.46
1343, 0.50
1344, 0.61
1345, 0.63
1346, 0.30
1347, 0.48
1348, 0.57
1349, 0.50
1350, 0.52
1351, 0.50
1352, 0.38
1353, 0.41
1354, 0.55
1355, 0.48
1356, 0.37
1357, 0.49
1358, 0.52
1359, 0.53
1360, 0.49
1361, 0.52
1362, 0.55
1363, 0.46
1364, 0.55
1365, 0.49
1366, 0.57
1367, 0.57
1368, 0.47
1369, 0.45
1370, 0.52
1371, 0.52
1372, 0.58
1373, 0.38
1374, 0.34
1375, 0.55
1376, 0.50
1377, 0.23
1378, 0.51
1379, 0.54
1380, 0.50
1381, 0.48
1382, 0.28
1383, 0.52
1384, 0.59
1385, 0.43
1386, 0.66
1387, 0.44
1388, 0.32
1389, 0.62
1390, 0.52
1391, 0.57
1392, 0.30
1393, 0.57
1394, 0.64
1395, 0.57
1396, 0.51
1397, 0.30
1398, 0.55
1399, 0.48
1400, 0.46
1401, 0.52
1402, 0.40
1403, 0.52
1404, 0.50
1405, 0.34
1406, 0.53
1407, 0.51
1408, 0.40
1409, 0.46
1410, 0.52
1411, 0.58
1412, 0.62
1413, 0.45
1414, 0.55
1415, 0.28
1416, 0.37
1417, 0.53
1418, 0.47
1419, 0.59
1420, 0.41
1421, 0.47
1422, 0.45
1423, 0.43
1424, 0.48
1425, 0.60
1426, 0.47
1427, 0.55
1428, 0.52
1429, 0.47
1430, 0.50
1431, 0.46
1432, 0.63
1433, 0.56
1434, 0.49
1435, 0.31
1436, 0.51
1437, 0.53
1438, 0.48
1439, 0.54
1440, 0.47
1441, 0.44
1442, 0.46
1443, 0.37
1444, 0.51
1445, 0.30
1446, 0.48
1447, 0.39
1448, 0.39
1449, 0.47
1450, 0.62
1451, 0.59
1452, 0.49
1453, 0.54
1454, 0.46
1455, 0.50
1456, 0.56
1457, 0.59
1458, 0.46
1459, 0.57
1460, 0.52
1461, 0.49
1462, 0.48
1463, 0.34
1464, 0.61
1465, 0.43
1466, 0.46
1467, 0.49
1468, 0.59
1469, 0.63
1470, 0.39
1471, 0.47
1472, 0.54
1473, 0.46
1474, 0.50
1475, 0.29
1476, 0.40
1477, 0.50
1478, 0.61
1479, 0.58
1480, 0.50
1481, 0.49
1482, 0.49
1483, 0.61
1484, 0.43
1485, 0.54
1486, 0.45
1487, 0.64
1488, 0.31
1489, 0.47
1490, 0.43
1491, 0.53
1492, 0.55
1493, 0.55
1494, 0.57
1495, 0.58
1496, 0.58
1497, 0.45
1498, 0.61
1499, 0.41
1500, 0.59
1501, 0.49
1502, 0.47
1503, 0.44
1504, 0.47
1505, 0.52
1506, 0.46
1507, 0.52
1508, 0.39
1509, 0.22
1510, 0.62
1511, 0.47
1512, 0.34
1513, 0.51
1514, 0.61
1515, 0.43
1516, 0.52
1517, 0.48
1518, 0.54
1519, 0.34
1520, 0.49
1521, 0.51
1522, 0.51
1523, 0.30
1524, 0.55
1525, 0.46
1526, 0.59
1527, 0.29
1528, 0.49
1529, 0.61
1530, 0.54
1531, 0.56
1532, 0.38
1533, 0.54
1534, 0.52
1535, 0.53
1536, 0.46
1537, 0.56
1538, 0.50
1539, 0.42
1540, 0.42
1541, 0.56
1542, 0.61
1543, 0.36
1544, 0.58
1545, 0.52
1546, 0.61
1547, 0.64
1548, 0.65
1549, 0.61
1550, 0.44
1551, 0.23
1552, 0.62
1553, 0.46
1554, 0.50
1555, 0.47
1556, 0.48
1557, 0.55
1558, 0.58
1559, 0.54
1560, 0.54
1561, 0.54
1562, 0.52
1563, 0.29
1564, 0.57
1565, 0.57
1566, 0.55
1567, 0.54
1568, 0.52
1569, 0.61
1570, 0.43
1571, 0.32
1572, 0.61
1573, 0.35
1574, 0.52
1575, 0.32
1576, 0.44
1577, 0.55
1578, 0.59
1579, 0.59
1580, 0.53
1581, 0.53
1582, 0.51
1583, 0.63
1584, 0.57
1585, 0.60
1586, 0.49
1587, 0.60
1588, 0.43
1589, 0.58
1590, 0.57
1591, 0.46
1592, 0.53
1593, 0.54
1594, 0.54
1595, 0.27
1596, 0.59
1597, 0.45
1598, 0.47
1599, 0.39
1600, 0.44
1601, 0.48
1602, 0.56
1603, 0.51
1604, 0.51
1605, 0.50
1606, 0.57
1607, 0.60
1608, 0.39
1609, 0.55
1610, 0.49
1611, 0.31
1612, 0.48
1613, 0.50
1614, 0.52
1615, 0.62
1616, 0.53
1617, 0.44
1618, 0.52
1619, 0.55
1620, 0.64
1621, 0.41
1622, 0.45
1623, 0.54
1624, 0.38
1625, 0.59
1626, 0.59
1627, 0.62
1628, 0.65
1629, 0.49
1630, 0.50
1631, 0.64
1632, 0.62
1633, 0.42
1634, 0.51
1635, 0.41
1636, 0.37
1637, 0.53
1638, 0.55
1639, 0.39
1640, 0.52
1641, 0.41
1642, 0.58
1643, 0.46
1644, 0.51
1645, 0.52
1646, 0.52
1647, 0.43
1648, 0.45
1649, 0.43
1650, 0.46
1651, 0.53
1652, 0.31
1653, 0.56
1654, 0.48
1655, 0.55
1656, 0.39
1657, 0.47
1658, 0.61
1659, 0.54
1660, 0.57
1661, 0.34
1662, 0.53
1663, 0.47
1664, 0.52
1665, 0.25
1666, 0.41
1667, 0.38
1668, 0.30
1669, 0.60
1670, 0.61
1671, 0.59
1672, 0.62
1673, 0.57
1674, 0.57
1675, 0.34
1676, 0.49
1677, 0.48
1678, 0.50
1679, 0.41
1680, 0.54
1681, 0.51
1682, 0.48
1683, 0.54
1684, 0.48
1685, 0.62
1686, 0.56
1687, 0.64
1688, 0.52
1689, 0.54
1690, 0.56
1691, 0.65
1692, 0.41
1693, 0.42
1694, 0.62
1695, 0.60
1696, 0.53
1697, 0.56
1698, 0.50
1699, 0.47
1700, 0.41
1701, 0.64
1702, 0.52
1703, 0.61
1704, 0.49
1705, 0.49
1706, 0.55
1707, 0.45
1708, 0.45
1709, 0.42
1710, 0.43
1711, 0.41
1712, 0.59
1713, 0.61
1714, 0.49
1715, 0.50
1716, 0.50
1717, 0.62
1718, 0.55
1719, 0.45
1720, 0.54
1721, 0.34
1722, 0.23
1723, 0.40
1724, 0.57
1725, 0.60
1726, 0.40
1727, 0.48
1728, 0.59
1729, 0.59
1730, 0.34
1731, 0.51
1732, 0.57
1733, 0.56
1734, 0.59
1735, 0.42
1736, 0.55
1737, 0.29
1738, 0.51
1739, 0.57
1740, 0.52
1741, 0.45
1742, 0.46
1743, 0.59
1744, 0.56
1745, 0.49
1746, 0.39
1747, 0.47
1748, 0.46
1749, 0.55
1750, 0.44
1751, 0.25
1752, 0.37
1753, 0.59
1754, 0.41
1755, 0.68
1756, 0.36
1757, 0.47
1758, 0.53
1759, 0.57
1760, 0.65
1761, 0.44
1762, 0.43
1763, 0.61
1764, 0.54
1765, 0.36
1766, 0.50
1767, 0.53
1768, 0.38
1769, 0.49
1770, 0.48
1771, 0.44
1772, 0.46
1773, 0.60
1774, 0.56
1775, 0.58
1776, 0.46
1777, 0.29
1778, 0.60
1779, 0.33
1780, 0.54
1781, 0.46
1782, 0.34
1783, 0.43
1784, 0.64
1785, 0.58
1786, 0.51
1787, 0.59
1788, 0.58
1789, 0.50
1790, 0.56
1791, 0.31
1792, 0.43
1793, 0.48
1794, 0.45
1795, 0.23
1796, 0.48
1797, 0.52
1798, 0.49
1799, 0.50
1800, 0.56
1801, 0.66
1802, 0.61
1803, 0.58
1804, 0.35
1805, 0.64
1806, 0.63
1807, 0.57
1808, 0.50
1809, 0.66
1810, 0.61
1811, 0.37
1812, 0.62
1813, 0.55
1814, 0.50
1815, 0.47
1816, 0.30
1817, 0.43
1818, 0.36
1819, 0.52
1820, 0.49
1821, 0.49
1822, 0.33
1823, 0.36
1824, 0.57
1825, 0.50
1826, 0.52
1827, 0.58
1828, 0.46
1829, 0.65
1830, 0.40
1831, 0.49
1832, 0.46
1833, 0.50
1834, 0.59
1835, 0.40
1836, 0.60
1837, 0.51
1838, 0.58
1839, 0.47
1840, 0.32
1841, 0.52
1842, 0.39
1843, 0.34
1844, 0.58
1845, 0.54
1846, 0.30
1847, 0.56
1848, 0.42
1849, 0.42
1850, 0.49
1851, 0.51
1852, 0.63
1853, 0.52
1854, 0.64
1855, 0.56
1856, 0.58
1857, 0.29
1858, 0.47
1859, 0.61
1860, 0.34
1861, 0.50
1862, 0.47
1863, 0.51
1864, 0.58
1865, 0.59
1866, 0.57
1867, 0.54
1868, 0.35
1869, 0.57
1870, 0.32
1871, 0.59
1872, 0.51
1873, 0.39
1874, 0.48
1875, 0.50
1876, 0.50
1877, 0.55
1878, 0.46
1879, 0.56
1880, 0.52
1881, 0.42
1882, 0.56
1883, 0.44
1884, 0.54
1885, 0.37
1886, 0.42
1887, 0.23
1888, 0.34
1889, 0.50
1890, 0.54
1891, 0.61
1892, 0.59
1893, 0.63
1894, 0.46
1895, 0.63
1896, 0.50
1897, 0.54
1898, 0.32
1899, 0.39
1900, 0.23
1901, 0.48
1902, 0.49
1903, 0.39
1904, 0.48
1905, 0.55
1906, 0.50
1907, 0.64
1908, 0.42
1909, 0.54
1910, 0.52
1911, 0.47
1912, 0.53
1913, 0.37
1914, 0.23
1915, 0.37
1916, 0.62
1917, 0.51
1918, 0.53
1919, 0.59
1920, 0.43
1921, 0.60
1922, 0.49
1923, 0.36
1924, 0.60
1925, 0.39
1926, 0.52
1927, 0.59
1928, 0.36
1929, 0.59
1930, 0.31
1931, 0.57
1932, 0.47
1933, 0.64
1934, 0.52
1935, 0.45
1936, 0.46
1937, 0.36
1938, 0.52
1939, 0.61
1940, 0.59
1941, 0.62
1942, 0.60
1943, 0.43
1944, 0.59
1945, 0.41
1946, 0.60
1947, 0.48
1948, 0.51
1949, 0.42
1950, 0.49
1951, 0.47
1952, 0.58
1953, 0.28
1954, 0.40
1955, 0.55
1956, 0.61
1957, 0.55
1958, 0.60
1959, 0.61
1960, 0.45
1961, 0.52
1962, 0.48
1963, 0.63
1964, 0.60
1965, 0.54
1966, 0.47
1967, 0.59
1968, 0.41
1969, 0.52
1970, 0.48
1971, 0.56
1972, 0.48
1973, 0.58
1974, 0.63
1975, 0.52
1976, 0.54
1977, 0.46
1978, 0.50
1979, 0.50
1980, 0.55
1981, 0.59
1982, 0.37
1983, 0.64
1984, 0.50
1985, 0.43
1986, 0.45
1987, 0.52
1988, 0.46
1989, 0.61
1990, 0.52
1991, 0.50
1992, 0.57
1993, 0.50
1994, 0.47
1995, 0.55
1996, 0.66
1997, 0.43
1998, 0.52
1999, 0.51
2000, 0.50
2001, 0.23
2002, 0.52
2003, 0.46
2004, 0.60
2005, 0.55
2006, 0.54
2007, 0.61
2008, 0.42
2009, 0.55
2010, 0.55
2011, 0.41
2012, 0.50
2013, 0.58
2014, 0.59
2015, 0.59
2016, 0.67
2017, 0.33
2018, 0.59
2019, 0.47
2020, 0.52
2021, 0.59
2022, 0.54
2023, 0.43
2024, 0.51
2025, 0.49
2026, 0.58
2027, 0.46
2028, 0.56
2029, 0.53
2030, 0.35
2031, 0.38
2032, 0.38
2033, 0.50
2034, 0.40
2035, 0.48
2036, 0.33
2037, 0.37
2038, 0.48
2039, 0.40
2040, 0.34
2041, 0.29
2042, 0.60
2043, 0.57
2044, 0.42
2045, 0.54
2046, 0.54
2047, 0.36
2048, 0.48
2049, 0.43
2050, 0.28
2051, 0.54
2052, 0.43
2053, 0.57
2054, 0.60
2055, 0.54
2056, 0.45
2057, 0.49
2058, 0.46
2059, 0.47
2060, 0.42
2061, 0.57
2062, 0.32
2063, 0.55
2064, 0.44
2065, 0.59
2066, 0.22
2067, 0.64
2068, 0.39
2069, 0.55
2070, 0.50
2071, 0.52
2072, 0.43
2073, 0.44
2074, 0.36
2075, 0.46
2076, 0.66
2077, 0.57
2078, 0.66
2079, 0.55
2080, 0.50
2081, 0.45
2082, 0.55
2083, 0.34
2084, 0.62
2085, 0.34
2086, 0.55
2087, 0.64
2088, 0.52
2089, 0.58
2090, 0.54
2091, 0.50
2092, 0.54
2093, 0.59
2094, 0.30
2095, 0.52
2096, 0.54
2097, 0.44
2098, 0.43
2099, 0.40
2100, 0.43
2101, 0.59
2102, 0.46
2103, 0.48
2104, 0.54
2105, 0.48
2106, 0.49
2107, 0.66
2108, 0.32
2109, 0.51
2110, 0.46
2111, 0.61
2112, 0.37
2113, 0.44
2114, 0.23
2115, 0.66
2116, 0.47
2117, 0.59
2118, 0.31
2119, 0.50
2120, 0.41
2121, 0.30
2122, 0.38
2123, 0.39
2124, 0.29
2125, 0.58
2126, 0.61
2127, 0.55
2128, 0.50
2129, 0.65
2130, 0.66
2131, 0.54
2132, 0.49
2133, 0.61
2134, 0.59
2135, 0.68
2136, 0.52
2137, 0.48
2138, 0.65
2139, 0.47
2140, 0.43
2141, 0.63
2142, 0.29
2143, 0.27
2144, 0.56
2145, 0.52
2146, 0.45
2147, 0.52
2148, 0.50
2149, 0.58
2150, 0.55
2151, 0.52
2152, 0.64
2153, 0.44
2154, 0.52
2155, 0.45
2156, 0.44
2157, 0.52
2158, 0.52
2159, 0.38
2160, 0.54
2161, 0.59
2162, 0.54
2163, 0.28
2164, 0.60
2165, 0.48
2166, 0.57
2167, 0.57
2168, 0.39
2169, 0.60
2170, 0.45
2171, 0.40
2172, 0.46
2173, 0.48
2174, 0.65
2175, 0.29
2176, 0.55
2177, 0.42
2178, 0.39
2179, 0.64
2180, 0.54
2181, 0.56
2182, 0.64
2183, 0.47
2184, 0.48
2185, 0.47
2186, 0.53
2187, 0.51
2188, 0.58
2189, 0.32
2190, 0.29
2191, 0.51
2192, 0.47
2193, 0.52
2194, 0.48
2195, 0.55
2196, 0.54
2197, 0.46
2198, 0.62
2199, 0.52
2200, 0.46
2201, 0.62
2202, 0.51
2203, 0.43
2204, 0.56
2205, 0.52
2206, 0.39
2207, 0.54
2208, 0.59
2209, 0.32
2210, 0.59
2211, 0.49
2212, 0.61
2213, 0.49
2214, 0.56
2215, 0.48
2216, 0.53
2217, 0.56
2218, 0.46
2219, 0.58
2220, 0.58
2221, 0.64
2222, 0.52
2223, 0.38
2224, 0.49
2225, 0.61
2226, 0.51
2227, 0.61
2228, 0.49
2229, 0.47
2230, 0.38
2231, 0.50
2232, 0.50
2233, 0.66
2234, 0.66
2235, 0.54
2236, 0.33
2237, 0.54
2238, 0.22
2239, 0.36
2240, 0.61
2241, 0.62
2242, 0.63
2243, 0.56
2244, 0.34
2245, 0.45
2246, 0.63
2247, 0.55
2248, 0.41
2249, 0.62
2250, 0.49
2251, 0.62
2252, 0.48
2253, 0.52
2254, 0.57
2255, 0.47
2256, 0.45
2257, 0.49
2258, 0.26
2259, 0.54
2260, 0.41
2261, 0.55
2262, 0.59
2263, 0.39
2264, 0.54
2265, 0.55
2266, 0.65
2267, 0.48
2268, 0.55
2269, 0.56
2270, 0.51
2271, 0.67
2272, 0.57
2273, 0.58
2274, 0.57
2275, 0.29
2276, 0.47
2277, 0.52
2278, 0.51
2279, 0.34
2280, 0.54
2281, 0.64
2282, 0.44
2283, 0.34
2284, 0.46
2285, 0.42
2286, 0.53
2287, 0.50
2288, 0.55
2289, 0.53
2290, 0.59
2291, 0.56
2292, 0.57
2293, 0.54
2294, 0.46
2295, 0.60
2296, 0.58
2297, 0.45
2298, 0.32
2299, 0.41
2300, 0.60
2301, 0.46
2302, 0.42
2303, 0.43
2304, 0.49
2305, 0.46
2306, 0.34
2307, 0.57
2308, 0.37
2309, 0.60
2310, 0.53
2311, 0.56
2312, 0.54
2313, 0.44
2314, 0.55
2315, 0.51
2316, 0.35
2317, 0.43
2318, 0.61
2319, 0.43
2320, 0.34
2321, 0.51
2322, 0.49
2323, 0.39
2324, 0.32
2325, 0.56
2326, 0.31
2327, 0.45
2328, 0.54
2329, 0.22
2330, 0.52
2331, 0.43
2332, 0.58
2333, 0.45
2334, 0.31
2335, 0.56
2336, 0.53
2337, 0.47
2338, 0.40
2339, 0.65
2340, 0.57
2341, 0.61
2342, 0.59
2343, 0.40
2344, 0.51
2345, 0.34
2346, 0.55
2347, 0.55
2348, 0.53
2349, 0.48
2350, 0.40
2351, 0.52
2352, 0.61
2353, 0.41
2354, 0.67
2355, 0.39
2356, 0.33
2357, 0.49
2358, 0.45
2359, 0.55
2360, 0.57
2361, 0.55
2362, 0.43
2363, 0.60
2364, 0.51
2365, 0.54
2366, 0.48
2367, 0.38
2368, 0.63
2369, 0.40
2370, 0.59
2371, 0.48
2372, 0.51
2373, 0.47
2374, 0.59
2375, 0.57
2376, 0.47
2377, 0.58
2378, 0.60
2379, 0.42
2380, 0.59
2381, 0.33
2382, 0.54
2383, 0.47
2384, 0.43
2385, 0.39
2386, 0.53
2387, 0.56
2388, 0.56
2389, 0.42
2390, 0.42
2391, 0.37
2392, 0.48
2393, 0.45
2394, 0.52
2395, 0.42
2396, 0.33
2397, 0.46
2398, 0.52
2399, 0.32
2400, 0.46
2401, 0.50
2402, 0.53
2403, 0.44
2404, 0.43
2405, 0.41
2406, 0.48
2407, 0.48
2408, 0.57
2409, 0.47
2410, 0.55
2411, 0.58
2412, 0.32
2413, 0.55
2414, 0.62
2415, 0.34
2416, 0.59
2417, 0.32
2418, 0.57
2419, 0.59
2420, 0.40
2421, 0.55
2422, 0.60
2423, 0.52
2424, 0.53
2425, 0.55
2426, 0.23
2427, 0.54
2428, 0.49
2429, 0.52
2430, 0.55
2431, 0.40
2432, 0.50
2433, 0.46
2434, 0.52
2435, 0.61
2436, 0.39
2437, 0.50
2438, 0.29
2439, 0.43
2440, 0.41
2441, 0.23
2442, 0.65
2443, 0.41
2444, 0.34
2445, 0.52
2446, 0.57
2447, 0.40
2448, 0.46
2449, 0.58
2450, 0.60
2451, 0.52
2452, 0.50
2453, 0.38
2454, 0.43
2455, 0.41
2456, 0.45
2457, 0.55
2458, 0.49
2459, 0.40
2460, 0.47
2461, 0.59
2462, 0.43
2463, 0.50
2464, 0.43
2465, 0.61
2466, 0.37
2467, 0.30
2468, 0.62
2469, 0.39
2470, 0.48
2471, 0.42
2472, 0.52
2473, 0.49
2474, 0.55
2475, 0.64
2476, 0.51
2477, 0.47
2478, 0.42
2479, 0.59
2480, 0.54
2481, 0.39
2482, 0.54
2483, 0.46
2484, 0.55
2485, 0.62
2486, 0.56
2487, 0.54
2488, 0.65
2489, 0.58
2490, 0.48
2491, 0.48
2492, 0.48
2493, 0.52
2494, 0.46
2495, 0.48
2496, 0.46
2497, 0.61
2498, 0.56
2499, 0.32
2500, 0.55
2501, 0.55
2502, 0.33
2503, 0.52
2504, 0.47
2505, 0.38
2506, 0.61
2507, 0.50
2508, 0.49
2509, 0.28
2510, 0.49
2511, 0.62
2512, 0.52
2513, 0.56
2514, 0.51
2515, 0.45
2516, 0.59
2517, 0.61
2518, 0.56
2519, 0.50
2520, 0.54
2521, 0.45
2522, 0.29
2523, 0.46
2524, 0.50
2525, 0.54
2526, 0.32
2527, 0.61
2528, 0.46
2529, 0.68
2530, 0.45
2531, 0.60
2532, 0.40
2533, 0.47
2534, 0.38
2535, 0.30
2536, 0.56
2537, 0.53
2538, 0.61
2539, 0.56
2540, 0.54
2541, 0.55
2542, 0.23
2543, 0.57
2544, 0.59
2545, 0.60
2546, 0.22
2547, 0.59
2548, 0.60
2549, 0.52
2550, 0.53
2551, 0.42
2552, 0.40
2553, 0.60
2554, 0.52
2555, 0.46
2556, 0.44
2557, 0.44
2558, 0.55
2559, 0.47
2560, 0.36
2561, 0.41
2562, 0.45
2563, 0.59
2564, 0.47
2565, 0.51
2566, 0.56
2567, 0.52
2568, 0.51
2569, 0.48
2570, 0.61
2571, 0.61
2572, 0.51
2573, 0.49
2574, 0.57
2575, 0.47
2576, 0.59
2577, 0.48
2578, 0.52
2579, 0.50
2580, 0.50
2581, 0.35
2582, 0.63
2583, 0.53
2584, 0.64
2585, 0.44
2586, 0.50
2587, 0.61
2588, 0.62
2589, 0.35
2590, 0.51
2591, 0.48
2592, 0.45
2593, 0.50
2594, 0.50
2595, 0.63
2596, 0.29
2597, 0.54
2598, 0.45
2599, 0.29
2600, 0.57
2601, 0.47
2602, 0.50
2603, 0.52
2604, 0.39
2605, 0.57
2606, 0.50
2607, 0.47
2608, 0.62
2609, 0.46
2610, 0.43
2611, 0.56
2612, 0.49
2613, 0.25
2614, 0.58
2615, 0.45
2616, 0.65
2617, 0.59
2618, 0.51
2619, 0.43
2620, 0.49
2621, 0.47
2622, 0.52
2623, 0.45
2624, 0.32
2625, 0.57
2626, 0.43
2627, 0.52
2628, 0.52
2629, 0.52
2630, 0.49
2631, 0.56
2632, 0.61
2633, 0.60
2634, 0.40
2635, 0.42
2636, 0.52
2637, 0.23
2638, 0.51
2639, 0.56
2640, 0.56
2641, 0.57
2642, 0.53
2643, 0.66
2644, 0.29
2645, 0.56
2646, 0.57
2647, 0.61
2648, 0.36
2649, 0.55
2650, 0.60
2651, 0.30
2652, 0.58
2653, 0.22
2654, 0.61
2655, 0.60
2656, 0.46
2657, 0.62
2658, 0.59
2659, 0.57
2660, 0.51
2661, 0.57
2662, 0.53
2663, 0.43
2664, 0.45
2665, 0.57
2666, 0.54
2667, 0.25
2668, 0.57
2669, 0.25
2670, 0.52
2671, 0.57
2672, 0.60
2673, 0.27
2674, 0.49
2675, 0.64
2676, 0.47
2677, 0.58
2678, 0.48
2679, 0.46
2680, 0.53
2681, 0.55
2682, 0.55
2683, 0.39
2684, 0.44
2685, 0.34
2686, 0.66
2687, 0.52
2688, 0.39
2689, 0.55
2690, 0.47
2691, 0.39
2692, 0.52
2693, 0.52
2694, 0.63
2695, 0.51
2696, 0.53
2697, 0.55
2698, 0.59
2699, 0.58
2700, 0.54
2701, 0.34
2702, 0.58
2703, 0.50
2704, 0.37
2705, 0.53
2706, 0.54
2707, 0.52
2708, 0.49
2709, 0.61
2710, 0.43
2711, 0.43
2712, 0.42
2713, 0.52
2714, 0.41
2715, 0.22
2716, 0.51
2717, 0.31
2718, 0.54
2719, 0.43
2720, 0.59
2721, 0.53
2722, 0.50
2723, 0.44
2724, 0.43
2725, 0.44
2726, 0.50
2727, 0.57
2728, 0.41
2729, 0.64
2730, 0.57
2731, 0.56
2732, 0.45
2733, 0.44
2734, 0.59
2735, 0.50
2736, 0.46
2737, 0.34
2738, 0.55
2739, 0.53
2740, 0.48
2741, 0.50
2742, 0.52
2743, 0.43
2744, 0.23
2745, 0.53
2746, 0.48
2747, 0.26
2748, 0.56
2749, 0.39
2750, 0.58
2751, 0.29
2752, 0.63
2753, 0.63
2754, 0.46
2755, 0.51
2756, 0.48
2757, 0.53
2758, 0.54
2759, 0.51
2760, 0.52
2761, 0.56
2762, 0.61
2763, 0.46
2764, 0.36
2765, 0.41
2766, 0.32
2767, 0.53
2768, 0.62
2769, 0.46
2770, 0.55
2771, 0.44
2772, 0.40
2773, 0.51
2774, 0.51
2775, 0.49
2776, 0.50
2777, 0.35
2778, 0.60
2779, 0.36
2780, 0.50
2781, 0.55
2782, 0.56
2783, 0.59
2784, 0.38
2785, 0.36
2786, 0.45
2787, 0.52
2788, 0.59
2789, 0.32
2790, 0.36
2791, 0.64
2792, 0.56
2793, 0.47
2794, 0.54
2795, 0.44
2796, 0.38
2797, 0.55
2798, 0.47
2799, 0.49
2800, 0.52
2801, 0.42
2802, 0.63
2803, 0.65
2804, 0.46
2805, 0.55
2806, 0.51
2807, 0.50
2808, 0.36
2809, 0.49
2810, 0.50
2811, 0.60
2812, 0.35
2813, 0.53
2814, 0.64
2815, 0.37
2816, 0.57
2817, 0.49
2818, 0.31
2819, 0.33
2820, 0.57
2821, 0.63
2822, 0.31
2823, 0.37
2824, 0.45
2825, 0.42
2826, 0.61
2827, 0.45
2828, 0.52
2829, 0.43
2830, 0.30
2831, 0.60
2832, 0.42
2833, 0.52
2834, 0.58
2835, 0.56
2836, 0.52
2837, 0.39
2838, 0.58
2839, 0.64
2840, 0.53
2841, 0.37
2842, 0.46
2843, 0.61
2844, 0.34
2845, 0.35
2846, 0.33
2847, 0.57
2848, 0.50
2849, 0.45
2850, 0.56
2851, 0.51
2852, 0.46
2853, 0.54
2854, 0.55
2855, 0.39
2856, 0.43
2857, 0.46
2858, 0.46
2859, 0.55
2860, 0.50
2861, 0.28
2862, 0.64
2863, 0.35
2864, 0.64
2865, 0.50
2866, 0.61
2867, 0.49
2868, 0.48
2869, 0.62
2870, 0.35
2871, 0.31
2872, 0.54
2873, 0.49
2874, 0.58
2875, 0.52
2876, 0.47
2877, 0.47
2878, 0.53
2879, 0.47
2880, 0.51
2881, 0.60
2882, 0.62
2883, 0.28
2884, 0.51
2885, 0.38
2886, 0.60
2887, 0.45
2888, 0.43
2889, 0.59
2890, 0.56
2891, 0.58
2892, 0.54
2893, 0.57
2894, 0.29
2895, 0.47
2896, 0.52
2897, 0.37
2898, 0.52
2899, 0.62
2900, 0.54
2901, 0.48
2902, 0.52
2903, 0.60
2904, 0.33
2905, 0.51
2906, 0.42
2907, 0.56
2908, 0.41
2909, 0.42
2910, 0.59
2911, 0.61
2912, 0.48
2913, 0.59
2914, 0.38
2915, 0.54
2916, 0.41
2917, 0.39
2918, 0.48
2919, 0.50
2920, 0.59
2921, 0.62
2922, 0.67
2923, 0.44
2924, 0.43
2925, 0.42
2926, 0.32
2927, 0.50
2928, 0.51
2929, 0.50
2930, 0.52
2931, 0.61
2932, 0.47
2933, 0.40
2934, 0.54
2935, 0.50
2936, 0.52
2937, 0.50
2938, 0.49
2939, 0.37
2940, 0.49
2941, 0.49
2942, 0.53
2943, 0.56
2944, 0.36
2945, 0.32
2946, 0.64
2947, 0.44
2948, 0.59
2949, 0.57
2950, 0.31
2951, 0.60
2952, 0.49
2953, 0.55
2954, 0.57
2955, 0.49
2956, 0.53
2957, 0.46
2958, 0.42
2959, 0.43
2960, 0.54
2961, 0.49
2962, 0.57
2963, 0.52
2964, 0.66
2965, 0.50
2966, 0.45
2967, 0.61
2968, 0.65
2969, 0.57
2970, 0.63
2971, 0.58
2972, 0.56
2973, 0.41
2974, 0.61
2975, 0.46
2976, 0.66
2977, 0.54
2978, 0.66
2979, 0.39
2980, 0.51
2981, 0.46
2982, 0.44
2983, 0.43
2984, 0.58
2985, 0.39
2986, 0.49
2987, 0.25
2988, 0.52
2989, 0.34
2990, 0.64
2991, 0.59
2992, 0.45
2993, 0.53
2994, 0.60
2995, 0.46
2996, 0.51
2997, 0.42
2998, 0.41
2999, 0.40
3000, 0.55
3001, 0.55
3002, 0.50
3003, 0.47
3004, 0.40
3005, 0.54
3006, 0.32
3007, 0.61
3008, 0.63
3009, 0.31
3010, 0.50
3011, 0.38
3012, 0.41
3013, 0.50
3014, 0.57
3015, 0.54
3016, 0.29
3017, 0.43
3018, 0.62
3019, 0.52
3020, 0.62
3021, 0.42
3022, 0.57
3023, 0.47
3024, 0.55
3025, 0.62
3026, 0.41
3027, 0.55
3028, 0.48
3029, 0.48
3030, 0.53
3031, 0.35
3032, 0.50
3033, 0.67
3034, 0.61
3035, 0.48
3036, 0.55
3037, 0.58
3038, 0.64
3039, 0.51
3040, 0.49
3041, 0.48
3042, 0.46
3043, 0.55
3044, 0.52
3045, 0.45
3046, 0.46
3047, 0.36
3048, 0.52
3049, 0.45
3050, 0.50
3051, 0.45
3052, 0.60
3053, 0.43
3054, 0.47
3055, 0.36
3056, 0.29
3057, 0.45
3058, 0.56
3059, 0.41
3060, 0.56
3061, 0.52
3062, 0.39
3063, 0.62
3064, 0.42
3065, 0.55
3066, 0.49
3067, 0.55
3068, 0.52
3069, 0.54
3070, 0.61
3071, 0.56
3072, 0.61
3073, 0.53
3074, 0.52
3075, 0.62
3076, 0.54
3077, 0.42
3078, 0.51
3079, 0.52
3080, 0.51
3081, 0.56
3082, 0.66
3083, 0.33
3084, 0.54
3085, 0.41
3086, 0.54
3087, 0.66
3088, 0.49
3089, 0.53
3090, 0.50
3091, 0.59
3092, 0.28
3093, 0.45
3094, 0.42
3095, 0.58
3096, 0.41
3097, 0.54
3098, 0.49
3099, 0.56
3100, 0.54
3101, 0.48
3102, 0.56
3103, 0.33
3104, 0.39
3105, 0.33
3106, 0.22
3107, 0.45
3108, 0.44
3109, 0.41
3110, 0.64
3111, 0.35
3112, 0.54
3113, 0.59
3114, 0.47
3115, 0.61
3116, 0.52
3117, 0.58
3118, 0.56
3119, 0.45
3120, 0.24
3121, 0.59
3122, 0.53
3123, 0.57
3124, 0.50
3125, 0.43
3126, 0.58
3127, 0.45
3128, 0.50
3129, 0.55
3130, 0.45
3131, 0.30
3132, 0.52
3133, 0.55
3134, 0.59
3135, 0.46
3136, 0.54
3137, 0.56
3138, 0.56
3139, 0.56
3140, 0.46
3141, 0.39
3142, 0.52
3143, 0.59
3144, 0.65
3145, 0.46
3146, 0.64
3147, 0.54
3148, 0.55
3149, 0.48
3150, 0.62
3151, 0.48
3152, 0.55
3153, 0.61
3154, 0.43
3155, 0.55
3156, 0.49
3157, 0.47
3158, 0.56
3159, 0.60
3160, 0.56
3161, 0.31
3162, 0.47
3163, 0.48
3164, 0.62
3165, 0.59
3166, 0.55
3167, 0.56
3168, 0.51
3169, 0.44
3170, 0.59
3171, 0.43
3172, 0.56
3173, 0.54
3174, 0.29
3175, 0.56
3176, 0.69
3177, 0.34
3178, 0.52
3179, 0.43
3180, 0.35
3181, 0.57
3182, 0.51
3183, 0.52
3184, 0.48
3185, 0.56
3186, 0.40
3187, 0.43
3188, 0.43
3189, 0.38
3190, 0.60
3191, 0.55
3192, 0.59
3193, 0.44
3194, 0.62
3195, 0.52
3196, 0.53
3197, 0.46
3198, 0.41
3199, 0.43
3200, 0.58
3201, 0.54
3202, 0.56
3203, 0.50
3204, 0.54
3205, 0.53
3206, 0.61
3207, 0.55
3208, 0.38
3209, 0.49
3210, 0.52
3211, 0.56
3212, 0.48
3213, 0.41
3214, 0.38
3215, 0.50
3216, 0.37
3217, 0.52
3218, 0.46
3219, 0.56
3220, 0.21
3221, 0.53
3222, 0.43
3223, 0.42
3224, 0.52
3225, 0.48
3226, 0.59
3227, 0.64
3228, 0.41
3229, 0.43
3230, 0.59
3231, 0.54
3232, 0.57
3233, 0.60
3234, 0.49
3235, 0.38
3236, 0.54
3237, 0.51
3238, 0.60
3239, 0.57
3240, 0.54
3241, 0.49
3242, 0.22
3243, 0.43
3244, 0.48
3245, 0.50
3246, 0.57
3247, 0.50
3248, 0.51
3249, 0.54
3250, 0.46
3251, 0.60
3252, 0.52
3253, 0.53
3254, 0.61
3255, 0.45
3256, 0.53
3257, 0.45
3258, 0.53
3259, 0.46
3260, 0.38
3261, 0.31
3262, 0.38
3263, 0.43
3264, 0.50
3265, 0.61
3266, 0.54
3267, 0.48
3268, 0.60
3269, 0.48
3270, 0.61
3271, 0.35
3272, 0.48
3273, 0.50
3274, 0.43
3275, 0.42
3276, 0.42
3277, 0.23
3278, 0.49
3279, 0.44
3280, 0.52
3281, 0.43
3282, 0.56
3283, 0.39
3284, 0.48
3285, 0.54
3286, 0.57
3287, 0.60
3288, 0.32
3289, 0.54
3290, 0.48
3291, 0.48
3292, 0.64
3293, 0.62
3294, 0.51
3295, 0.55
3296, 0.54
3297, 0.59
3298, 0.40
3299, 0.56
3300, 0.54
3301, 0.53
3302, 0.38
3303, 0.46
3304, 0.57
3305, 0.48
3306, 0.45
3307, 0.70
3308, 0.34
3309, 0.56
3310, 0.54
3311, 0.51
3312, 0.62
3313, 0.56
3314, 0.52
3315, 0.43
3316, 0.44
3317, 0.51
3318, 0.50
3319, 0.38
3320, 0.31
3321, 0.50
3322, 0.52
3323, 0.38
3324, 0.58
3325, 0.30
3326, 0.41
3327, 0.35
3328, 0.49
3329, 0.48
3330, 0.57
3331, 0.54
3332, 0.55
3333, 0.43
3334, 0.50
3335, 0.54
3336, 0.58
3337, 0.54
3338, 0.55
3339, 0.64
3340, 0.41
3341, 0.41
3342, 0.25
3343, 0.47
3344, 0.44
3345, 0.50
3346, 0.58
3347, 0.60
3348, 0.38
3349, 0.52
3350, 0.32
3351, 0.45
3352, 0.30
3353, 0.30
3354, 0.38
3355, 0.42
3356, 0.59
3357, 0.48
3358, 0.24
3359, 0.59
3360, 0.60
3361, 0.42
3362, 0.41
3363, 0.43
3364, 0.58
3365, 0.64
3366, 0.50
3367, 0.61
3368, 0.32
3369, 0.62
3370, 0.59
3371, 0.51
3372, 0.57
3373, 0.46
3374, 0.61
3375, 0.61
3376, 0.30
3377, 0.34
3378, 0.50
3379, 0.37
3380, 0.42
3381, 0.52
3382, 0.51
3383, 0.62
3384, 0.30
3385, 0.52
3386, 0.62
3387, 0.54
3388, 0.43
3389, 0.70
3390, 0.41
3391, 0.56
3392, 0.43
3393, 0.50
3394, 0.36
3395, 0.58
3396, 0.52
3397, 0.38
3398, 0.41
3399, 0.67
3400, 0.50
3401, 0.56
3402, 0.63
3403, 0.49
3404, 0.52
3405, 0.50
3406, 0.53
3407, 0.46
3408, 0.57
3409, 0.62
3410, 0.45
3411, 0.54
3412, 0.44
3413, 0.48
3414, 0.54
3415, 0.64
3416, 0.49
3417, 0.55
3418, 0.55
3419, 0.24
3420, 0.41
3421, 0.24
3422, 0.59
3423, 0.57
3424, 0.50
3425, 0.63
3426, 0.62
3427, 0.58
3428, 0.51
3429, 0.56
3430, 0.49
3431, 0.49
3432, 0.41
3433, 0.41
3434, 0.29
3435, 0.50
3436, 0.50
3437, 0.57
3438, 0.46
3439, 0.61
3440, 0.46
3441, 0.44
3442, 0.42
3443, 0.29
3444, 0.49
3445, 0.63
3446, 0.60
3447, 0.57
3448, 0.56
3449, 0.36
3450, 0.39
3451, 0.55
3452, 0.49
3453, 0.43
3454, 0.57
3455, 0.44
3456, 0.30
3457, 0.41
3458, 0.47
3459, 0.39
3460, 0.50
3461, 0.54
3462, 0.36
3463, 0.60
3464, 0.46
3465, 0.33
3466, 0.39
3467, 0.44
3468, 0.44
3469, 0.53
3470, 0.23
3471, 0.62
3472, 0.39
3473, 0.47
3474, 0.56
3475, 0.51
3476, 0.45
3477, 0.24
3478, 0.63
3479, 0.41
3480, 0.49
3481, 0.53
3482, 0.33
3483, 0.51
3484, 0.53
3485, 0.55
3486, 0.60
3487, 0.40
3488, 0.56
3489, 0.55
3490, 0.52
3491, 0.51
3492, 0.44
3493, 0.57
3494, 0.34
3495, 0.44
3496, 0.52
3497, 0.61
3498, 0.46
3499, 0.59
3500, 0.34
3501, 0.61
3502, 0.54
3503, 0.45
3504, 0.35
3505, 0.56
3506, 0.45
3507, 0.31
3508, 0.51
3509, 0.40
3510, 0.47
3511, 0.65
3512, 0.54
3513, 0.57
3514, 0.62
3515, 0.34
3516, 0.59
3517, 0.53
3518, 0.34
3519, 0.51
3520, 0.60
3521, 0.46
3522, 0.59
3523, 0.59
3524, 0.47
3525, 0.58
3526, 0.54
3527, 0.24
3528, 0.55
3529, 0.39
3530, 0.41
3531, 0.60
3532, 0.54
3533, 0.51
3534, 0.22
3535, 0.50
3536, 0.34
3537, 0.57
3538, 0.45
3539, 0.48
3540, 0.46
3541, 0.62
3542, 0.40
3543, 0.59
3544, 0.52
3545, 0.36
3546, 0.57
3547, 0.53
3548, 0.53
3549, 0.32
3550, 0.53
3551, 0.52
3552, 0.47
3553, 0.40
3554, 0.51
3555, 0.46
3556, 0.55
3557, 0.35
3558, 0.42
3559, 0.57
3560, 0.54
3561, 0.57
3562, 0.32
3563, 0.23
3564, 0.38
3565, 0.52
3566, 0.62
3567, 0.50
3568, 0.49
3569, 0.56
3570, 0.53
3571, 0.41
3572, 0.48
3573, 0.59
3574, 0.45
3575, 0.31
3576, 0.29
3577, 0.57
3578, 0.50
3579, 0.53
3580, 0.47
3581, 0.65
3582, 0.41
3583, 0.50
3584, 0.53
3585, 0.47
3586, 0.48
3587, 0.40
3588, 0.53
3589, 0.51
3590, 0.33
3591, 0.48
3592, 0.51
3593, 0.46
3594, 0.31
3595, 0.52
3596, 0.57
3597, 0.53
3598, 0.57
3599, 0.58
3600, 0.50
3601, 0.32
3602, 0.24
3603, 0.70
3604, 0.50
3605, 0.48
3606, 0.57
3607, 0.23
3608, 0.42
3609, 0.55
3610, 0.36
3611, 0.58
3612, 0.51
3613, 0.56
3614, 0.54
3615, 0.39
3616, 0.53
3617, 0.62
3618, 0.62
3619, 0.61
3620, 0.54
3621, 0.51
3622, 0.47
3623, 0.48
3624, 0.49
3625, 0.47
3626, 0.40
3627, 0.34
3628, 0.32
3629, 0.50
3630, 0.34
3631, 0.55
3632, 0.65
3633, 0.64
3634, 0.56
3635, 0.56
3636, 0.56
3637, 0.64
3638, 0.57
3639, 0.46
3640, 0.46
3641, 0.41
3642, 0.55
3643, 0.55
3644, 0.49
3645, 0.38
3646, 0.55
3647, 0.48
3648, 0.54
3649, 0.48
3650, 0.32
3651, 0.52
3652, 0.36
3653, 0.63
3654, 0.44
3655, 0.41
3656, 0.58
3657, 0.48
3658, 0.47
3659, 0.51
3660, 0.50
3661, 0.43
3662, 0.50
3663, 0.52
3664, 0.62
3665, 0.61
3666, 0.52
3667, 0.45
3668, 0.39
3669, 0.49
3670, 0.31
3671, 0.37
3672, 0.63
3673, 0.35
3674, 0.57
3675, 0.40
3676, 0.32
3677, 0.64
3678, 0.52
3679, 0.50
3680, 0.31
3681, 0.62
3682, 0.34
3683, 0.60
3684, 0.47
3685, 0.50
3686, 0.61
3687, 0.52
3688, 0.47
3689, 0.62
3690, 0.48
3691, 0.48
3692, 0.60
3693, 0.64
3694, 0.60
3695, 0.55
3696, 0.46
3697, 0.57
3698, 0.66
3699, 0.56
3700, 0.55
3701, 0.62
3702, 0.56
3703, 0.43
3704, 0.60
3705, 0.44
3706, 0.47
3707, 0.47
3708, 0.66
3709, 0.39
3710, 0.47
3711, 0.61
3712, 0.62
3713, 0.62
3714, 0.48
3715, 0.61
3716, 0.48
3717, 0.44
3718, 0.39
3719, 0.58
3720, 0.62
3721, 0.39
3722, 0.57
3723, 0.43
3724, 0.63
3725, 0.41
3726, 0.52
3727, 0.56
3728, 0.42
3729, 0.53
3730, 0.54
3731, 0.58
3732, 0.46
3733, 0.61
3734, 0.43
3735, 0.55
3736, 0.38
3737, 0.58
3738, 0.55
3739, 0.39
3740, 0.57
3741, 0.27
3742, 0.40
3743, 0.52
3744, 0.52
3745, 0.39
3746, 0.52
3747, 0.56
3748, 0.39
3749, 0.46
3750, 0.58
3751, 0.56
3752, 0.54
3753, 0.62
3754, 0.51
3755, 0.63
3756, 0.43
3757, 0.52
3758, 0.54
3759, 0.40
3760, 0.31
3761, 0.38
3762, 0.46
3763, 0.59
3764, 0.32
3765, 0.66
3766, 0.65
3767, 0.44
3768, 0.61
3769, 0.65
3770, 0.56
3771, 0.39
3772, 0.49
3773, 0.58
3774, 0.52
3775, 0.31
3776, 0.56
3777, 0.61
3778, 0.46
3779, 0.63
3780, 0.49
3781, 0.51
3782, 0.59
3783, 0.52
3784, 0.44
3785, 0.49
3786, 0.61
3787, 0.53
3788, 0.54
3789, 0.57
3790, 0.51
3791, 0.47
3792, 0.42
3793, 0.52
3794, 0.53
3795, 0.63
3796, 0.60
3797, 0.47
3798, 0.64
3799, 0.61
3800, 0.54
3801, 0.42
3802, 0.59
3803, 0.58
3804, 0.59
3805, 0.41
3806, 0.53
3807, 0.49
3808, 0.64
3809, 0.61
3810, 0.40
3811, 0.55
3812, 0.59
3813, 0.50
3814, 0.63
3815, 0.54
3816, 0.41
3817, 0.48
3818, 0.52
3819, 0.23
3820, 0.52
3821, 0.48
3822, 0.23
3823, 0.57
3824, 0.53
3825, 0.44
3826, 0.46
3827, 0.48
3828, 0.50
3829, 0.36
3830, 0.41
3831, 0.56
3832, 0.32
3833, 0.44
3834, 0.55
3835, 0.36
3836, 0.71
3837, 0.66
3838, 0.50
3839, 0.48
3840, 0.31
3841, 0.52
3842, 0.54
3843, 0.62
3844, 0.45
3845, 0.30
3846, 0.49
3847, 0.48
3848, 0.34
3849, 0.53
3850, 0.44
3851, 0.40
3852, 0.64
3853, 0.43
3854, 0.43
3855, 0.42
3856, 0.62
3857, 0.56
3858, 0.56
3859, 0.48
3860, 0.62
3861, 0.61
3862, 0.29
3863, 0.42
3864, 0.39
3865, 0.45
3866, 0.55
3867, 0.49
3868, 0.34
3869, 0.56
3870, 0.44
3871, 0.63
3872, 0.41
3873, 0.58
3874, 0.61
3875, 0.58
3876, 0.32
3877, 0.36
3878, 0.58
3879, 0.37
3880, 0.40
3881, 0.44
3882, 0.57
3883, 0.49
3884, 0.59
3885, 0.27
3886, 0.55
3887, 0.51
3888, 0.57
3889, 0.61
3890, 0.52
3891, 0.59
3892, 0.38
3893, 0.54
3894, 0.51
3895, 0.48
3896, 0.45
3897, 0.50
3898, 0.52
3899, 0.48
3900, 0.58
3901, 0.61
3902, 0.48
3903, 0.49
3904, 0.54
3905, 0.39
3906, 0.45
3907, 0.50
3908, 0.64
3909, 0.55
3910, 0.60
3911, 0.33
3912, 0.45
3913, 0.46
3914, 0.49
3915, 0.52
3916, 0.24
3917, 0.39
3918, 0.58
3919, 0.63
3920, 0.43
3921, 0.63
3922, 0.51
3923, 0.53
3924, 0.36
3925, 0.54
3926, 0.44
3927, 0.60
3928, 0.56
3929, 0.55
3930, 0.44
3931, 0.54
3932, 0.55
3933, 0.52
3934, 0.54
3935, 0.45
3936, 0.52
3937, 0.64
3938, 0.47
3939, 0.59
3940, 0.55
3941, 0.34
3942, 0.64
3943, 0.49
3944, 0.50
3945, 0.53
3946, 0.41
3947, 0.61
3948, 0.44
3949, 0.51
3950, 0.39
3951, 0.57
3952, 0.55
3953, 0.49
3954, 0.50
3955, 0.35
3956, 0.51
3957, 0.43
3958, 0.53
3959, 0.54
3960, 0.56
3961, 0.54
3962, 0.40
3963, 0.47
3964, 0.55
3965, 0.48
3966, 0.59
3967, 0.59
3968, 0.23
3969, 0.53
3970, 0.60
3971, 0.44
3972, 0.54
3973, 0.56
3974, 0.45
3975, 0.58
3976, 0.62
3977, 0.54
3978, 0.54
3979, 0.44
3980, 0.38
3981, 0.58
3982, 0.51
3983, 0.54
3984, 0.41
3985, 0.64
3986, 0.50
3987, 0.43
3988, 0.41
3989, 0.57
3990, 0.29
3991, 0.49
3992, 0.56
3993, 0.52
3994, 0.55
3995, 0.55
3996, 0.24
3997, 0.43
3998, 0.58
3999, 0.43
4000, 0.43
4001, 0.58
4002, 0.41
4003, 0.65
4004, 0.40
4005, 0.53
4006, 0.43
4007, 0.52
4008, 0.59
4009, 0.61
4010, 0.48
4011, 0.43
4012, 0.58
4013, 0.68
4014, 0.30
4015, 0.39
4016, 0.50
4017, 0.42
4018, 0.59
4019, 0.54
4020, 0.53
4021, 0.58
4022, 0.41
4023, 0.69
4024, 0.52
4025, 0.57
4026, 0.61
4027, 0.34
4028, 0.47
4029, 0.63
4030, 0.55
4031, 0.44
4032, 0.51
4033, 0.58
4034, 0.52
4035, 0.40
4036, 0.55
4037, 0.53
4038, 0.57
4039, 0.30
4040, 0.55
4041, 0.47
4042, 0.45
4043, 0.53
4044, 0.57
4045, 0.53
4046, 0.47
4047, 0.31
4048, 0.54
4049, 0.49
4050, 0.54
4051, 0.52
4052, 0.52
4053, 0.34
4054, 0.57
4055, 0.60
4056, 0.48
4057, 0.54
4058, 0.62
4059, 0.59
4060, 0.39
4061, 0.33
4062, 0.59
4063, 0.36
4064, 0.36
4065, 0.40
4066, 0.47
4067, 0.42
4068, 0.55
4069, 0.62
4070, 0.29
4071, 0.54
4072, 0.66
4073, 0.51
4074, 0.58
4075, 0.66
4076, 0.34
4077, 0.50
4078, 0.64
4079, 0.59
4080, 0.56
4081, 0.46
4082, 0.40
4083, 0.44
4084, 0.53
4085, 0.60
4086, 0.54
4087, 0.35
4088, 0.32
4089, 0.64
4090, 0.45
4091, 0.57
4092, 0.56
4093, 0.49
4094, 0.60
4095, 0.47
4096, 0.53
4097, 0.48
4098, 0.50
4099, 0.35
4100, 0.23
4101, 0.51
4102, 0.51
4103, 0.44
4104, 0.44
4105, 0.50
4106, 0.51
4107, 0.57
4108, 0.52
4109, 0.44
4110, 0.59
4111, 0.50
4112, 0.50
4113, 0.41
4114, 0.39
4115, 0.50
4116, 0.60
4117, 0.40
4118, 0.51
4119, 0.46
4120, 0.68
4121, 0.50
4122, 0.45
4123, 0.35
4124, 0.54
4125, 0.49
4126, 0.50
4127, 0.56
4128, 0.67
4129, 0.59
4130, 0.48
4131, 0.57
4132, 0.47
4133, 0.58
4134, 0.49
4135, 0.43
4136, 0.50
4137, 0.55
4138, 0.46
4139, 0.44
4140, 0.38
4141, 0.59
4142, 0.46
4143, 0.53
4144, 0.23
4145, 0.61
4146, 0.33
4147, 0.47
4148, 0.32
4149, 0.33
4150, 0.53
4151, 0.46
4152, 0.41
4153, 0.49
4154, 0.49
4155, 0.50
4156, 0.32
4157, 0.40
4158, 0.50
4159, 0.56
4160, 0.38
4161, 0.35
4162, 0.56
4163, 0.48
4164, 0.58
4165, 0.61
4166, 0.62
4167, 0.57
4168, 0.47
4169, 0.64
4170, 0.49
4171, 0.47
4172, 0.56
4173, 0.61
4174, 0.40
4175, 0.44
4176, 0.62
4177, 0.64
4178, 0.62
4179, 0.49
4180, 0.48
4181, 0.47
4182, 0.33
4183, 0.58
4184, 0.57
4185, 0.55
4186, 0.49
4187, 0.48
4188, 0.51
4189, 0.55
4190, 0.29
4191, 0.41
4192, 0.57
4193, 0.39
4194, 0.41
4195, 0.39
4196, 0.45
4197, 0.48
4198, 0.45
4199, 0.61
4200, 0.47
4201, 0.44
4202, 0.55
4203, 0.50
4204, 0.55
4205, 0.23
4206, 0.59
4207, 0.46
4208, 0.63
4209, 0.54
4210, 0.41
4211, 0.55
4212, 0.54
4213, 0.52
4214, 0.36
4215, 0.43
4216, 0.56
4217, 0.43
4218, 0.63
4219, 0.60
4220, 0.49
4221, 0.59
4222, 0.59
4223, 0.23
4224, 0.49
4225, 0.43
4226, 0.31
4227, 0.47
4228, 0.50
4229, 0.61
4230, 0.58
4231, 0.54
4232, 0.61
4233, 0.61
4234, 0.59
4235, 0.53
4236, 0.45
4237, 0.34
4238, 0.41
4239, 0.64
4240, 0.67
4241, 0.47
4242, 0.55
4243, 0.59
4244, 0.58
4245, 0.33
4246, 0.55
4247, 0.60
4248, 0.36
4249, 0.49
4250, 0.54
4251, 0.34
4252, 0.55
4253, 0.56
4254, 0.52
4255, 0.49
4256, 0.54
4257, 0.59
4258, 0.48
4259, 0.49
4260, 0.51
4261, 0.52
4262, 0.46
4263, 0.35
4264, 0.53
4265, 0.48
4266, 0.56
4267, 0.59
4268, 0.59
4269, 0.50
4270, 0.52
4271, 0.39
4272, 0.41
4273, 0.46
4274, 0.30
4275, 0.48
4276, 0.52
4277, 0.47
4278, 0.23
4279, 0.44
4280, 0.57
4281, 0.47
4282, 0.43
4283, 0.52
4284, 0.45
4285, 0.52
4286, 0.53
4287, 0.53
4288, 0.54
4289, 0.32
4290, 0.62
4291, 0.52
4292, 0.43
4293, 0.51
4294, 0.58
4295, 0.56
4296, 0.51
4297, 0.50
4298, 0.50
4299, 0.23
4300, 0.63
4301, 0.36
4302, 0.54
4303, 0.66
4304, 0.58
4305, 0.66
4306, 0.59
4307, 0.39
4308, 0.60
4309, 0.39
4310, 0.48
4311, 0.25
4312, 0.61
4313, 0.62
4314, 0.35
4315, 0.59
4316, 0.62
4317, 0.28
4318, 0.63
4319, 0.29
4320, 0.53
4321, 0.50
4322, 0.48
4323, 0.56
4324, 0.45
4325, 0.34
4326, 0.41
4327, 0.60
4328, 0.56
4329, 0.55
4330, 0.61
4331, 0.48
4332, 0.35
4333, 0.56
4334, 0.51
4335, 0.35
4336, 0.43
4337, 0.47
4338, 0.38
4339, 0.58
4340, 0.50
4341, 0.50
4342, 0.39
4343, 0.36
4344, 0.50
4345, 0.55
4346, 0.61
4347, 0.55
4348, 0.29
4349, 0.40
4350, 0.61
4351, 0.65
4352, 0.43
4353, 0.50
4354, 0.32
4355, 0.57
4356, 0.42
4357, 0.46
4358, 0.42
4359, 0.61
4360, 0.52
4361, 0.48
4362, 0.63
4363, 0.54
4364, 0.23
4365, 0.33
4366, 0.42
4367, 0.52
4368, 0.51
4369, 0.53
4370, 0.51
4371, 0.47
4372, 0.49
4373, 0.58
4374, 0.39
4375, 0.37
4376, 0.49
4377, 0.55
4378, 0.59
4379, 0.49
4380, 0.48
4381, 0.45
4382, 0.50
4383, 0.39
4384, 0.51
4385, 0.54
4386, 0.55
4387, 0.40
4388, 0.57
4389, 0.43
4390, 0.33
4391, 0.32
4392, 0.61
4393, 0.33
4394, 0.28
4395, 0.47
4396, 0.54
4397, 0.48
4398, 0.47
4399, 0.45
4400, 0.53
4401, 0.45
4402, 0.61
4403, 0.55
4404, 0.65
4405, 0.61
4406, 0.44
4407, 0.40
4408, 0.59
4409, 0.53
4410, 0.46
4411, 0.32
4412, 0.61
4413, 0.47
4414, 0.31
4415, 0.50
4416, 0.45
4417, 0.60
4418, 0.48
4419, 0.53
4420, 0.61
4421, 0.36
4422, 0.55
4423, 0.45
4424, 0.67
4425, 0.59
4426, 0.42
4427, 0.41
4428, 0.37
4429, 0.51
4430, 0.54
4431, 0.55
4432, 0.51
4433, 0.55
4434, 0.51
4435, 0.47
4436, 0.59
4437, 0.63
4438, 0.58
4439, 0.63
4440, 0.50
4441, 0.53
4442, 0.48
4443, 0.63
4444, 0.23
4445, 0.25
4446, 0.52
4447, 0.41
4448, 0.59
4449, 0.54
4450, 0.59
4451, 0.40
4452, 0.50
4453, 0.60
4454, 0.56
4455, 0.38
4456, 0.48
4457, 0.50
4458, 0.64
4459, 0.50
4460, 0.33
4461, 0.55
4462, 0.54
4463, 0.49
4464, 0.59
4465, 0.46
4466, 0.39
4467, 0.43
4468, 0.50
4469, 0.48
4470, 0.50
4471, 0.44
4472, 0.48
4473, 0.61
4474, 0.21
4475, 0.59
4476, 0.49
4477, 0.58
4478, 0.60
4479, 0.59
4480, 0.43
4481, 0.43
4482, 0.50
4483, 0.47
4484, 0.55
4485, 0.43
4486, 0.52
4487, 0.41
4488, 0.40
4489, 0.46
4490, 0.41
4491, 0.51
4492, 0.62
4493, 0.46
4494, 0.50
4495, 0.65
4496, 0.49
4497, 0.46
4498, 0.55
4499, 0.47
4500, 0.33
4501, 0.48
4502, 0.58
4503, 0.52
4504, 0.38
4505, 0.36
4506, 0.50
4507, 0.37
4508, 0.47
4509, 0.45
4510, 0.56
4511, 0.43
4512, 0.48
4513, 0.49
4514, 0.38
4515, 0.42
4516, 0.44
4517, 0.52
4518, 0.38
4519, 0.48
4520, 0.48
4521, 0.42
4522, 0.63
4523, 0.54
4524, 0.45
4525, 0.32
4526, 0.24
4527, 0.61
4528, 0.52
4529, 0.48
4530, 0.50
4531, 0.38
4532, 0.53
4533, 0.46
4534, 0.55
4535, 0.58
4536, 0.54
4537, 0.60
4538, 0.50
4539, 0.34
4540, 0.50
4541, 0.57
4542, 0.31
4543, 0.56
4544, 0.57
4545, 0.60
4546, 0.46
4547, 0.64
4548, 0.45
4549, 0.54
4550, 0.61
4551, 0.45
4552, 0.49
4553, 0.60
4554, 0.61
4555, 0.55
4556, 0.49
4557, 0.62
4558, 0.41
4559, 0.52
4560, 0.61
4561, 0.49
4562, 0.51
4563, 0.53
4564, 0.53
4565, 0.31
4566, 0.60
4567, 0.55
4568, 0.55
4569, 0.48
4570, 0.62
4571, 0.49
4572, 0.51
4573, 0.63
4574, 0.23
4575, 0.31
4576, 0.55
4577, 0.57
4578, 0.25
4579, 0.42
4580, 0.42
4581, 0.47
4582, 0.48
4583, 0.43
4584, 0.47
4585, 0.55
4586, 0.39
4587, 0.56
4588, 0.52
4589, 0.30
4590, 0.33
4591, 0.45
4592, 0.55
4593, 0.47
4594, 0.49
4595, 0.43
4596, 0.50
4597, 0.53
4598, 0.26
4599, 0.63
4600, 0.49
4601, 0.43
4602, 0.60
4603, 0.50
4604, 0.49
4605, 0.47
4606, 0.54
4607, 0.54
4608, 0.54
4609, 0.49
4610, 0.28
4611, 0.58
4612, 0.44
4613, 0.58
4614, 0.49
4615, 0.39
4616, 0.62
4617, 0.59
4618, 0.54
4619, 0.21
4620, 0.41
4621, 0.46
4622, 0.53
4623, 0.50
4624, 0.53
4625, 0.49
4626, 0.48
4627, 0.32
4628, 0.54
4629, 0.50
4630, 0.52
4631, 0.52
4632, 0.50
4633, 0.46
4634, 0.56
4635, 0.23
4636, 0.60
4637, 0.49
4638, 0.56
4639, 0.57
4640, 0.57
4641, 0.45
4642, 0.50
4643, 0.62
4644, 0.52
4645, 0.45
4646, 0.64
4647, 0.61
4648, 0.52
4649, 0.56
4650, 0.38
4651, 0.59
4652, 0.67
4653, 0.55
4654, 0.50
4655, 0.48
4656, 0.58
4657, 0.52
4658, 0.66
4659, 0.49
4660, 0.52
4661, 0.52
4662, 0.40
4663, 0.22
4664, 0.47
4665, 0.38
4666, 0.57
4667, 0.46
4668, 0.54
4669, 0.37
4670, 0.39
4671, 0.46
4672, 0.56
4673, 0.45
4674, 0.61
4675, 0.59
4676, 0.49
4677, 0.62
4678, 0.32
4679, 0.54
4680, 0.54
4681, 0.48
4682, 0.62
4683, 0.54
4684, 0.47
4685, 0.52
4686, 0.57
4687, 0.42
4688, 0.23
4689, 0.53
4690, 0.51
4691, 0.60
4692, 0.54
4693, 0.48
4694, 0.57
4695, 0.62
4696, 0.53
4697, 0.26
4698, 0.46
4699, 0.52
4700, 0.60
4701, 0.49
4702, 0.57
4703, 0.50
4704, 0.55
4705, 0.50
4706, 0.52
4707, 0.50
4708, 0.56
4709, 0.43
4710, 0.59
4711, 0.48
4712, 0.42
4713, 0.51
4714, 0.55
4715, 0.41
4716, 0.51
4717, 0.32
4718, 0.64
4719, 0.53
4720, 0.35
4721, 0.59
4722, 0.45
4723, 0.51
4724, 0.62
4725, 0.32
4726, 0.33
4727, 0.41
4728, 0.54
4729, 0.48
4730, 0.48
4731, 0.60
4732, 0.57
4733, 0.53
4734, 0.39
4735, 0.61
4736, 0.52
4737, 0.50
4738, 0.52
4739, 0.49
4740, 0.43
4741, 0.50
4742, 0.55
4743, 0.47
4744, 0.63
4745, 0.45
4746, 0.62
4747, 0.54
4748, 0.49
4749, 0.56
4750, 0.52
4751, 0.22
4752, 0.59
4753, 0.55
4754, 0.59
4755, 0.35
4756, 0.60
4757, 0.66
4758, 0.49
4759, 0.43
4760, 0.49
4761, 0.24
4762, 0.62
4763, 0.39
4764, 0.28
4765, 0.53
4766, 0.34
4767, 0.62
4768, 0.68
4769, 0.53
4770, 0.43
4771, 0.62
4772, 0.56
4773, 0.57
4774, 0.61
4775, 0.37
4776, 0.43
4777, 0.45
4778, 0.59
4779, 0.59
4780, 0.62
4781, 0.60
4782, 0.54
4783, 0.60
4784, 0.59
4785, 0.59
4786, 0.30
4787, 0.46
4788, 0.48
4789, 0.61
4790, 0.48
4791, 0.50
4792, 0.55
4793, 0.54
4794, 0.50
4795, 0.52
4796, 0.55
4797, 0.57
4798, 0.42
4799, 0.51
4800, 0.40
4801, 0.46
4802, 0.48
4803, 0.43
4804, 0.55
4805, 0.44
4806, 0.57
4807, 0.51
4808, 0.59
4809, 0.52
4810, 0.51
4811, 0.44
4812, 0.48
4813, 0.43
4814, 0.32
4815, 0.46
4816, 0.48
4817, 0.60
4818, 0.55
4819, 0.52
4820, 0.57
4821, 0.51
4822, 0.39
4823, 0.30
4824, 0.52
4825, 0.50
4826, 0.24
4827, 0.35
4828, 0.42
4829, 0.59
4830, 0.48
4831, 0.52
4832, 0.54
4833, 0.56
4834, 0.39
4835, 0.46
4836, 0.54
4837, 0.25
4838, 0.43
4839, 0.42
4840, 0.51
4841, 0.37
4842, 0.40
4843, 0.45
4844, 0.36
4845, 0.52
4846, 0.39
4847, 0.64
4848, 0.58
4849, 0.56
4850, 0.47
4851, 0.21
4852, 0.48
4853, 0.55
4854, 0.39
4855, 0.48
4856, 0.40
4857, 0.65
4858, 0.46
4859, 0.38
4860, 0.53
4861, 0.35
4862, 0.48
4863, 0.57
4864, 0.66
4865, 0.50
4866, 0.41
4867, 0.22
4868, 0.32
4869, 0.60
4870, 0.57
4871, 0.46
4872, 0.46
4873, 0.51
4874, 0.52
4875, 0.61
4876, 0.57
4877, 0.51
4878, 0.55
4879, 0.35
4880, 0.62
4881, 0.50
4882, 0.48
4883, 0.56
4884, 0.47
4885, 0.34
4886, 0.48
4887, 0.60
4888, 0.48
4889, 0.54
4890, 0.48
4891, 0.47
4892, 0.54
4893, 0.43
4894, 0.30
4895, 0.55
4896, 0.55
4897, 0.54
4898, 0.62
4899, 0.55
4900, 0.41
4901, 0.52
4902, 0.52
4903, 0.54
4904, 0.58
4905, 0.64
4906, 0.48
4907, 0.60
4908, 0.63
4909, 0.62
4910, 0.49
4911, 0.41
4912, 0.59
4913, 0.41
4914, 0.47
4915, 0.69
4916, 0.62
4917, 0.41
4918, 0.60
4919, 0.32
4920, 0.31
4921, 0.51
4922, 0.49
4923, 0.57
4924, 0.53
4925, 0.60
4926, 0.34
4927, 0.39
4928, 0.62
4929, 0.58
4930, 0.53
4931, 0.63
4932, 0.58
4933, 0.57
4934, 0.26
4935, 0.58
4936, 0.44
4937, 0.48
4938, 0.52
4939, 0.34
4940, 0.46
4941, 0.61
4942, 0.50
4943, 0.52
4944, 0.57
4945, 0.52
4946, 0.45
4947, 0.48
4948, 0.63
4949, 0.52
4950, 0.58
4951, 0.46
4952, 0.54
4953, 0.50
4954, 0.55
4955, 0.34
4956, 0.24
4957, 0.39
4958, 0.59
4959, 0.55
4960, 0.56
4961, 0.62
4962, 0.36
4963, 0.30
4964, 0.55
4965, 0.40
4966, 0.61
4967, 0.51
4968, 0.50
4969, 0.50
4970, 0.47
4971, 0.57
4972, 0.23
4973, 0.52
4974, 0.51
4975, 0.52
4976, 0.60
4977, 0.48
4978, 0.32
4979, 0.62
4980, 0.23
4981, 0.47
4982, 0.53
4983, 0.51
4984, 0.44
4985, 0.47
4986, 0.56
4987, 0.31
4988, 0.53
4989, 0.56
4990, 0.42
4991, 0.56
4992, 0.32
4993, 0.49
4994, 0.48
4995, 0.52
4996, 0.51
4997, 0.53
4998, 0.38
4999, 0.48
5000, 0.58
5001, 0.44
5002, 0.62
5003, 0.60
5004, 0.60
5005, 0.45
5006, 0.33
5007, 0.50
5008, 0.45
5009, 0.57
5010, 0.48
5011, 0.33
5012, 0.56
5013, 0.61
5014, 0.45
5015, 0.21
5016, 0.39
5017, 0.24
5018, 0.42
5019, 0.58
5020, 0.48
5021, 0.50
5022, 0.38
5023, 0.37
5024, 0.57
5025, 0.63
5026, 0.46
5027, 0.61
5028, 0.41
5029, 0.23
5030, 0.41
5031, 0.48
5032, 0.25
5033, 0.59
5034, 0.31
5035, 0.56
5036, 0.58
5037, 0.48
5038, 0.56
5039, 0.54
5040, 0.61
5041, 0.61
5042, 0.62
5043, 0.32
5044, 0.41
5045, 0.54
5046, 0.50
5047, 0.50
5048, 0.41
5049, 0.66
5050, 0.43
5051, 0.40
5052, 0.48
5053, 0.66
5054, 0.61
5055, 0.59
5056, 0.56
5057, 0.32
5058, 0.46
5059, 0.50
5060, 0.60
5061, 0.32
5062, 0.46
5063, 0.50
5064, 0.49
5065, 0.34
5066, 0.60
5067, 0.60
5068, 0.51
5069, 0.63
5070, 0.62
5071, 0.37
5072, 0.46
5073, 0.45
5074, 0.51
5075, 0.50
5076, 0.48
5077, 0.55
5078, 0.48
5079, 0.51
5080, 0.48
5081, 0.23
5082, 0.43
5083, 0.30
5084, 0.55
5085, 0.59
5086, 0.61
5087, 0.60
5088, 0.49
5089, 0.63
5090, 0.21
5091, 0.35
5092, 0.51
5093, 0.58
5094, 0.53
5095, 0.44
5096, 0.52
5097, 0.45
5098, 0.32
5099, 0.60
5100, 0.50
5101, 0.50
5102, 0.48
5103, 0.68
5104, 0.61
5105, 0.56
5106, 0.47
5107, 0.59
5108, 0.49
5109, 0.52
5110, 0.46
5111, 0.60
5112, 0.48
5113, 0.48
5114, 0.53
5115, 0.39
5116, 0.30
5117, 0.50
5118, 0.49
5119, 0.45
5120, 0.53
5121, 0.67
5122, 0.69
5123, 0.50
5124, 0.43
5125, 0.55
5126, 0.47
5127, 0.50
5128, 0.56
5129, 0.58
5130, 0.54
5131, 0.41
5132, 0.36
5133, 0.55
5134, 0.61
5135, 0.50
5136, 0.40
5137, 0.44
5138, 0.62
5139, 0.55
5140, 0.48
5141, 0.65
5142, 0.55
5143, 0.39
5144, 0.47
5145, 0.55
5146, 0.59
5147, 0.62
5148, 0.49
5149, 0.38
5150, 0.61
5151, 0.66
5152, 0.27
5153, 0.45
5154, 0.46
5155, 0.46
5156, 0.63
5157, 0.51
5158, 0.50
5159, 0.36
5160, 0.25
5161, 0.66
5162, 0.46
5163, 0.41
5164, 0.57
5165, 0.58
5166, 0.54
5167, 0.46
5168, 0.43
5169, 0.64
5170, 0.49
5171, 0.46
5172, 0.48
5173, 0.45
5174, 0.49
5175, 0.38
5176, 0.55
5177, 0.37
5178, 0.64
5179, 0.46
5180, 0.49
5181, 0.48
5182, 0.36
5183, 0.41
5184, 0.57
5185, 0.61
5186, 0.50
5187, 0.45
5188, 0.48
5189, 0.36
5190, 0.55
5191, 0.63
5192, 0.54
5193, 0.39
5194, 0.58
5195, 0.54
5196, 0.50
5197, 0.28
5198, 0.44
5199, 0.51
5200, 0.59
5201, 0.53
5202, 0.56
5203, 0.53
5204, 0.49
5205, 0.43
5206, 0.38
5207, 0.56
5208, 0.41
5209, 0.57
5210, 0.49
5211, 0.61
5212, 0.48
5213, 0.32
5214, 0.47
5215, 0.49
5216, 0.52
5217, 0.48
5218, 0.36
5219, 0.59
5220, 0.50
5221, 0.38
5222, 0.58
5223, 0.51
5224, 0.54
5225, 0.41
5226, 0.59
5227, 0.33
5228, 0.50
5229, 0.30
5230, 0.23
5231, 0.50
5232, 0.41
5233, 0.66
5234, 0.34
5235, 0.56
5236, 0.48
5237, 0.58
5238, 0.49
5239, 0.47
5240, 0.42
5241, 0.33
5242, 0.42
5243, 0.38
5244, 0.62
5245, 0.46
5246, 0.23
5247, 0.54
5248, 0.52
5249, 0.40
5250, 0.48
5251, 0.45
5252, 0.59
5253, 0.63
5254, 0.56
5255, 0.47
5256, 0.63
5257, 0.23
5258, 0.41
5259, 0.39
5260, 0.54
5261, 0.60
5262, 0.46
5263, 0.53
5264, 0.41
5265, 0.54
5266, 0.46
5267, 0.70
5268, 0.58
5269, 0.67
5270, 0.46
5271, 0.41
5272, 0.59
5273, 0.64
5274, 0.64
5275, 0.52
5276, 0.50
5277, 0.33
5278, 0.62
5279, 0.56
5280, 0.55
5281, 0.55
5282, 0.58
5283, 0.42
5284, 0.50
5285, 0.45
5286, 0.23
5287, 0.60
5288, 0.54
5289, 0.50
5290, 0.52
5291, 0.54
5292, 0.44
5293, 0.52
5294, 0.45
5295, 0.54
5296, 0.35
5297, 0.50
5298, 0.40
5299, 0.55
5300, 0.48
5301, 0.48
5302, 0.41
5303, 0.43
5304, 0.60
5305, 0.39
5306, 0.47
5307, 0.54
5308, 0.47
5309, 0.52
5310, 0.24
5311, 0.43
5312, 0.57
5313, 0.59
5314, 0.37
5315, 0.44
5316, 0.57
5317, 0.21
5318, 0.50
5319, 0.56
5320, 0.32
5321, 0.62
5322, 0.48
5323, 0.39
5324, 0.60
5325, 0.56
5326, 0.44
5327, 0.52
5328, 0.37
5329, 0.54
5330, 0.44
5331, 0.45
5332, 0.25
5333, 0.24
5334, 0.45
5335, 0.55
5336, 0.46
5337, 0.45
5338, 0.39
5339, 0.38
5340, 0.23
5341, 0.51
5342, 0.46
5343, 0.51
5344, 0.50
5345, 0.58
5346, 0.61
5347, 0.61
5348, 0.48
5349, 0.49
5350, 0.61
5351, 0.52
5352, 0.43
5353, 0.66
5354, 0.34
5355, 0.42
5356, 0.55
5357, 0.48
5358, 0.48
5359, 0.49
5360, 0.44
5361, 0.52
5362, 0.60
5363, 0.53
5364, 0.46
5365, 0.41
5366, 0.56
5367, 0.67
5368, 0.47
5369, 0.42
5370, 0.59
5371, 0.51
5372, 0.49
5373, 0.50
5374, 0.25
5375, 0.50
5376, 0.44
5377, 0.41
5378, 0.50
5379, 0.50
5380, 0.24
5381, 0.59
5382, 0.50
5383, 0.59
5384, 0.59
5385, 0.38
5386, 0.54
5387, 0.45
5388, 0.32
5389, 0.69
5390, 0.56
5391, 0.49
5392, 0.50
5393, 0.45
5394, 0.54
5395, 0.39
5396, 0.60
5397, 0.54
5398, 0.42
5399, 0.45
5400, 0.66
5401, 0.55
5402, 0.59
5403, 0.41
5404, 0.50
5405, 0.60
5406, 0.45
5407, 0.56
5408, 0.63
5409, 0.59
5410, 0.50
5411, 0.42
5412, 0.50
5413, 0.59
5414, 0.31
5415, 0.55
5416, 0.56
5417, 0.34
5418, 0.35
5419, 0.48
5420, 0.32
5421, 0.46
5422, 0.48
5423, 0.44
5424, 0.56
5425, 0.60
5426, 0.47
5427, 0.52
5428, 0.67
5429, 0.55
5430, 0.53
5431, 0.59
5432, 0.50
5433, 0.53
5434, 0.52
5435, 0.66
5436, 0.58
5437, 0.56
5438, 0.54
5439, 0.38
5440, 0.36
5441, 0.39
5442, 0.57
5443, 0.47
5444, 0.47
5445, 0.43
5446, 0.45
5447, 0.41
5448, 0.46
5449, 0.34
5450, 0.60
5451, 0.37
5452, 0.58
5453, 0.52
5454, 0.57
5455, 0.60
5456, 0.56
5457, 0.38
5458, 0.62
5459, 0.52
5460, 0.49
5461, 0.46
5462, 0.43
5463, 0.57
5464, 0.46
5465, 0.41
5466, 0.49
5467, 0.56
5468, 0.45
5469, 0.53
5470, 0.30
5471, 0.54
5472, 0.66
5473, 0.52
5474, 0.55
5475, 0.24
5476, 0.40
5477, 0.59
5478, 0.61
5479, 0.64
5480, 0.45
5481, 0.57
5482, 0.48
5483, 0.49
5484, 0.61
5485, 0.32
5486, 0.47
5487, 0.52
5488, 0.45
5489, 0.40
5490, 0.59
5491, 0.62
5492, 0.33
5493, 0.42
5494, 0.50
5495, 0.45
5496, 0.59
5497, 0.60
5498, 0.52
5499, 0.45
5500, 0.55
5501, 0.64
5502, 0.55
5503, 0.65
5504, 0.52
5505, 0.60
5506, 0.60
5507, 0.69
5508, 0.51
5509, 0.52
5510, 0.47
5511, 0.48
5512, 0.43
5513, 0.47
5514, 0.44
5515, 0.56
5516, 0.53
5517, 0.50
5518, 0.41
5519, 0.48
5520, 0.47
5521, 0.57
5522, 0.61
5523, 0.54
5524, 0.59
5525, 0.46
5526, 0.47
5527, 0.43
5528, 0.39
5529, 0.64
5530, 0.39
5531, 0.47
5532, 0.64
5533, 0.55
5534, 0.47
5535, 0.59
5536, 0.23
5537, 0.53
5538, 0.61
5539, 0.29
5540, 0.34
5541, 0.45
5542, 0.38
5543, 0.43
5544, 0.53
5545, 0.50
5546, 0.57
5547, 0.43
5548, 0.54
5549, 0.43
5550, 0.46
5551, 0.57
5552, 0.28
5553, 0.45
5554, 0.53
5555, 0.53
5556, 0.54
5557, 0.54
5558, 0.55
5559, 0.61
5560, 0.61
5561, 0.38
5562, 0.60
5563, 0.59
5564, 0.47
5565, 0.41
5566, 0.45
5567, 0.21
5568, 0.52
5569, 0.57
5570, 0.40
5571, 0.42
5572, 0.66
5573, 0.45
5574, 0.60
5575, 0.48
5576, 0.45
5577, 0.49
5578, 0.49
5579, 0.33
5580, 0.47
5581, 0.55
5582, 0.43
5583, 0.49
5584, 0.48
5585, 0.43
5586, 0.56
5587, 0.54
5588, 0.52
5589, 0.54
5590, 0.60
5591, 0.47
5592, 0.43
5593, 0.55
5594, 0.46
5595, 0.61
5596, 0.22
5597, 0.31
5598, 0.67
5599, 0.61
5600, 0.53
5601, 0.59
5602, 0.52
5603, 0.50
5604, 0.41
5605, 0.29
5606, 0.64
5607, 0.50
5608, 0.38
5609, 0.50
5610, 0.49
5611, 0.59
5612, 0.59
5613, 0.52
5614, 0.43
5615, 0.46
5616, 0.42
5617, 0.48
5618, 0.52
5619, 0.52
5620, 0.49
5621, 0.56
5622, 0.48
5623, 0.38
5624, 0.52
5625, 0.59
5626, 0.37
5627, 0.54
5628, 0.23
5629, 0.52
5630, 0.40
5631, 0.58
5632, 0.53
5633, 0.58
5634, 0.40
5635, 0.61
5636, 0.42
5637, 0.52
5638, 0.61
5639, 0.50
5640, 0.61
5641, 0.39
5642, 0.61
5643, 0.53
5644, 0.55
5645, 0.48
5646, 0.34
5647, 0.42
5648, 0.38
5649, 0.56
5650, 0.43
5651, 0.50
5652, 0.50
5653, 0.43
5654, 0.48
5655, 0.42
5656, 0.23
5657, 0.55
5658, 0.66
5659, 0.41
5660, 0.45
5661, 0.31
5662, 0.58
5663, 0.62
5664, 0.59
5665, 0.64
5666, 0.58
5667, 0.39
5668, 0.52
5669, 0.48
5670, 0.48
5671, 0.52
5672, 0.62
5673, 0.43
5674, 0.39
5675, 0.61
5676, 0.48
5677, 0.69
5678, 0.44
5679, 0.48
5680, 0.44
5681, 0.39
5682, 0.53
5683, 0.53
5684, 0.60
5685, 0.44
5686, 0.61
5687, 0.41
5688, 0.37
5689, 0.54
5690, 0.55
5691, 0.66
5692, 0.61
5693, 0.59
5694, 0.55
5695, 0.35
5696, 0.48
5697, 0.37
5698, 0.56
5699, 0.42
5700, 0.57
5701, 0.56
5702, 0.47
5703, 0.60
5704, 0.49
5705, 0.54
5706, 0.34
5707, 0.34
5708, 0.48
5709, 0.46
5710, 0.54
5711, 0.48
5712, 0.56
5713, 0.27
5714, 0.44
5715, 0.46
5716, 0.61
5717, 0.60
5718, 0.45
5719, 0.47
5720, 0.55
5721, 0.64
5722, 0.52
5723, 0.48
5724, 0.44
5725, 0.59
5726, 0.59
5727, 0.30
5728, 0.65
5729, 0.57
5730, 0.45
5731, 0.63
5732, 0.42
5733, 0.41
5734, 0.43
5735, 0.48
5736, 0.56
5737, 0.65
5738, 0.55
5739, 0.31
5740, 0.46
5741, 0.52
5742, 0.49
5743, 0.49
5744, 0.43
5745, 0.54
5746, 0.45
5747, 0.62
5748, 0.61
5749, 0.54
5750, 0.60
5751, 0.30
5752, 0.42
5753, 0.48
5754, 0.54
5755, 0.61
5756, 0.45
5757, 0.53
5758, 0.49
5759, 0.48
5760, 0.59
5761, 0.61
5762, 0.48
5763, 0.64
5764, 0.45
5765, 0.50
5766, 0.60
5767, 0.39
5768, 0.41
5769, 0.53
5770, 0.54
5771, 0.61
5772, 0.48
5773, 0.48
5774, 0.54
5775, 0.49
5776, 0.54
5777, 0.52
5778, 0.45
5779, 0.48
5780, 0.59
5781, 0.39
5782, 0.53
5783, 0.64
5784, 0.39
5785, 0.52
5786, 0.54
5787, 0.55
5788, 0.57
5789, 0.54
5790, 0.43
5791, 0.43
5792, 0.55
5793, 0.57
5794, 0.47
5795, 0.53
5796, 0.39
5797, 0.50
5798, 0.54
5799, 0.50
5800, 0.25
5801, 0.25
5802, 0.57
5803, 0.59
5804, 0.59
5805, 0.63
5806, 0.44
5807, 0.49
5808, 0.44
5809, 0.38
5810, 0.62
5811, 0.56
5812, 0.47
5813, 0.54
5814, 0.59
5815, 0.59
5816, 0.53
5817, 0.41
5818, 0.22
5819, 0.54
5820, 0.56
5821, 0.61
5822, 0.46
5823, 0.64
5824, 0.61
5825, 0.60
5826, 0.43
5827, 0.45
5828, 0.52
5829, 0.55
5830, 0.57
5831, 0.54
5832, 0.48
5833, 0.47
5834, 0.65
5835, 0.53
5836, 0.48
5837, 0.57
5838, 0.36
5839, 0.49
5840, 0.45
5841, 0.58
5842, 0.52
5843, 0.60
5844, 0.50
5845, 0.45
5846, 0.54
5847, 0.53
5848, 0.55
5849, 0.38
5850, 0.43
5851, 0.51
5852, 0.54
5853, 0.45
5854, 0.23
5855, 0.57
5856, 0.55
5857, 0.46
5858, 0.45
5859, 0.54
5860, 0.39
5861, 0.22
5862, 0.52
5863, 0.39
5864, 0.52
5865, 0.47
5866, 0.49
5867, 0.54
5868, 0.41
5869, 0.42
5870, 0.46
5871, 0.58
5872, 0.49
5873, 0.51
5874, 0.49
5875, 0.44
5876, 0.59
5877, 0.51
5878, 0.40
5879, 0.51
5880, 0.62
5881, 0.42
5882, 0.36
5883, 0.51
5884, 0.48
5885, 0.47
5886, 0.37
5887, 0.51
5888, 0.47
5889, 0.41
5890, 0.41
5891, 0.34
5892, 0.47
5893, 0.32
5894, 0.54
5895, 0.53
5896, 0.43
5897, 0.53
5898, 0.34
5899, 0.47
5900, 0.56
5901, 0.38
5902, 0.52
5903, 0.59
5904, 0.57
5905, 0.50
5906, 0.47
5907, 0.38
5908, 0.49
5909, 0.51
5910, 0.62
5911, 0.35
5912, 0.46
5913, 0.46
5914, 0.49
5915, 0.31
5916, 0.39
5917, 0.52
5918, 0.46
5919, 0.52
5920, 0.48
5921, 0.57
5922, 0.60
5923, 0.43
5924, 0.42
5925, 0.44
5926, 0.55
5927, 0.59
5928, 0.44
5929, 0.56
5930, 0.48
5931, 0.61
5932, 0.44
5933, 0.50
5934, 0.53
5935, 0.46
5936, 0.33
5937, 0.48
5938, 0.59
5939, 0.20
5940, 0.51
5941, 0.61
5942, 0.44
5943, 0.52
5944, 0.53
5945, 0.55
5946, 0.57
5947, 0.57
5948, 0.65
5949, 0.44
5950, 0.37
5951, 0.61
5952, 0.52
5953, 0.50
5954, 0.62
5955, 0.58
5956, 0.47
5957, 0.38
5958, 0.46
5959, 0.54
5960, 0.59
5961, 0.52
5962, 0.59
5963, 0.46
5964, 0.63
5965, 0.50
5966, 0.48
5967, 0.60
5968, 0.56
5969, 0.46
5970, 0.57
5971, 0.60
5972, 0.51
5973, 0.45
5974, 0.52
5975, 0.45
5976, 0.23
5977, 0.50
5978, 0.62
5979, 0.54
5980, 0.61
5981, 0.55
5982, 0.54
5983, 0.58
5984, 0.59
5985, 0.64
5986, 0.46
5987, 0.61
5988, 0.52
5989, 0.53
5990, 0.55
5991, 0.52
5992, 0.51
5993, 0.57
5994, 0.48
5995, 0.58
5996, 0.51
5997, 0.44
5998, 0.50
5999, 0.45
6000, 0.62
6001, 0.50
6002, 0.50
6003, 0.36
6004, 0.30
6005, 0.57
6006, 0.62
6007, 0.39
6008, 0.48
6009, 0.61
6010, 0.50
6011, 0.52
6012, 0.58
6013, 0.51
6014, 0.59
6015, 0.56
6016, 0.53
6017, 0.49
6018, 0.50
6019, 0.48
6020, 0.44
6021, 0.61
6022, 0.33
6023, 0.50
6024, 0.34
6025, 0.47
6026, 0.62
6027, 0.47
6028, 0.61
6029, 0.49
6030, 0.54
6031, 0.28
6032, 0.61
6033, 0.63
6034, 0.45
6035, 0.42
6036, 0.58
6037, 0.49
6038, 0.57
6039, 0.45
6040, 0.50
6041, 0.59
6042, 0.47
6043, 0.45
6044, 0.62
6045, 0.51
6046, 0.58
6047, 0.41
6048, 0.54
6049, 0.43
6050, 0.51
6051, 0.43
6052, 0.45
6053, 0.58
6054, 0.50
6055, 0.51
6056, 0.48
6057, 0.57
6058, 0.50
6059, 0.48
6060, 0.25
6061, 0.60
6062, 0.46
6063, 0.48
6064, 0.57
6065, 0.59
6066, 0.40
6067, 0.46
6068, 0.49
6069, 0.49
6070, 0.55
6071, 0.59
6072, 0.54
6073, 0.50
6074, 0.43
6075, 0.34
6076, 0.29
6077, 0.49
6078, 0.51
6079, 0.45
6080, 0.39
6081, 0.66
6082, 0.50
6083, 0.57
6084, 0.65
6085, 0.63
6086, 0.47
6087, 0.57
6088, 0.55
6089, 0.63
6090, 0.40
6091, 0.50
6092, 0.46
6093, 0.58
6094, 0.45
6095, 0.49
6096, 0.59
6097, 0.59
6098, 0.61
6099, 0.59
6100, 0.52
6101, 0.51
6102, 0.22
6103, 0.54
6104, 0.30
6105, 0.43
6106, 0.59
6107, 0.36
6108, 0.40
6109, 0.42
6110, 0.45
6111, 0.57
6112, 0.48
6113, 0.44
6114, 0.47
6115, 0.31
6116, 0.64
6117, 0.51
6118, 0.55
6119, 0.52
6120, 0.49
6121, 0.35
6122, 0.34
6123, 0.59
6124, 0.54
6125, 0.60
6126, 0.60
6127, 0.43
6128, 0.39
6129, 0.50
6130, 0.62
6131, 0.51
6132, 0.57
6133, 0.57
6134, 0.42
6135, 0.61
6136, 0.48
6137, 0.63
6138, 0.62
6139, 0.45
6140, 0.62
6141, 0.44
6142, 0.65
6143, 0.44
6144, 0.52
6145, 0.64
6146, 0.55
6147, 0.48
6148, 0.52
6149, 0.46
6150, 0.57
6151, 0.36
6152, 0.48
6153, 0.48
6154, 0.55
6155, 0.44
6156, 0.33
6157, 0.45
6158, 0.47
6159, 0.56
6160, 0.51
6161, 0.51
6162, 0.57
6163, 0.42
6164, 0.60
6165, 0.55
6166, 0.50
6167, 0.58
6168, 0.67
6169, 0.53
6170, 0.50
6171, 0.58
6172, 0.57
6173, 0.30
6174, 0.45
6175, 0.43
6176, 0.52
6177, 0.50
6178, 0.56
6179, 0.56
6180, 0.59
6181, 0.29
6182, 0.50
6183, 0.61
6184, 0.59
6185, 0.48
6186, 0.64
6187, 0.61
6188, 0.61
6189, 0.62
6190, 0.43
6191, 0.61
6192, 0.59
6193, 0.36
6194, 0.47
6195, 0.55
6196, 0.48
6197, 0.60
6198, 0.52
6199, 0.62
6200, 0.33
6201, 0.50
6202, 0.33
6203, 0.43
6204, 0.52
6205, 0.50
6206, 0.61
6207, 0.54
6208, 0.62
6209, 0.51
6210, 0.29
6211, 0.58
6212, 0.39
6213, 0.35
6214, 0.58
6215, 0.48
6216, 0.56
6217, 0.54
6218, 0.23
6219, 0.59
6220, 0.56
6221, 0.51
6222, 0.61
6223, 0.59
6224, 0.52
6225, 0.56
6226, 0.49
6227, 0.53
6228, 0.57
6229, 0.45
6230, 0.58
6231, 0.53
6232, 0.35
6233, 0.53
6234, 0.49
6235, 0.52
6236, 0.61
6237, 0.54
6238, 0.42
6239, 0.39
6240, 0.43
6241, 0.54
6242, 0.55
6243, 0.41
6244, 0.61
6245, 0.53
6246, 0.40
6247, 0.49
6248, 0.35
6249, 0.46
6250, 0.54
6251, 0.40
6252, 0.58
6253, 0.49
6254, 0.48
6255, 0.61
6256, 0.61
6257, 0.56
6258, 0.53
6259, 0.53
6260, 0.54
6261, 0.55
6262, 0.58
6263, 0.57
6264, 0.30
6265, 0.62
6266, 0.49
6267, 0.46
6268, 0.55
6269, 0.34
6270, 0.54
6271, 0.64
6272, 0.36
6273, 0.49
6274, 0.38
6275, 0.48
6276, 0.48
6277, 0.60
6278, 0.46
6279, 0.45
6280, 0.60
6281, 0.31
6282, 0.41
6283, 0.54
6284, 0.51
6285, 0.57
6286, 0.62
6287, 0.45
6288, 0.40
6289, 0.45
6290, 0.49
6291, 0.52
6292, 0.55
6293, 0.57
6294, 0.41
6295, 0.53
6296, 0.50
6297, 0.43
6298, 0.43
6299, 0.48
6300, 0.51
6301, 0.55
6302, 0.42
6303, 0.57
6304, 0.64
6305, 0.54
6306, 0.43
6307, 0.62
6308, 0.35
6309, 0.46
6310, 0.46
6311, 0.42
6312, 0.23
6313, 0.63
6314, 0.30
6315, 0.52
6316, 0.29
6317, 0.58
6318, 0.56
6319, 0.51
6320, 0.44
6321, 0.62
6322, 0.56
6323, 0.32
6324, 0.54
6325, 0.40
6326, 0.46
6327, 0.49
6328, 0.44
6329, 0.45
6330, 0.35
6331, 0.49
6332, 0.43
6333, 0.54
6334, 0.30
6335, 0.57
6336, 0.57
6337, 0.35
6338, 0.41
6339, 0.63
6340, 0.31
6341, 0.60
6342, 0.51
6343, 0.29
6344, 0.61
6345, 0.54
6346, 0.57
6347, 0.50
6348, 0.56
6349, 0.63
6350, 0.36
6351, 0.49
6352, 0.59
6353, 0.37
6354, 0.35
6355, 0.56
6356, 0.37
6357, 0.53
6358, 0.30
6359, 0.39
6360, 0.54
6361, 0.44
6362, 0.46
6363, 0.57
6364, 0.48
6365, 0.59
6366, 0.33
6367, 0.43
6368, 0.40
6369, 0.64
6370, 0.54
6371, 0.36
6372, 0.52
6373, 0.53
6374, 0.47
6375, 0.48
6376, 0.48
6377, 0.54
6378, 0.59
6379, 0.47
6380, 0.42
6381, 0.38
6382, 0.32
6383, 0.62
6384, 0.40
6385, 0.36
6386, 0.36
6387, 0.50
6388, 0.52
6389, 0.62
6390, 0.51
6391, 0.58
6392, 0.38
6393, 0.61
6394, 0.43
6395, 0.22
6396, 0.53
6397, 0.34
6398, 0.52
6399, 0.47
6400, 0.36
6401, 0.50
6402, 0.47
6403, 0.39
6404, 0.45
6405, 0.52
6406, 0.55
6407, 0.47
6408, 0.48
6409, 0.35
6410, 0.38
6411, 0.29
6412, 0.65
6413, 0.49
6414, 0.59
6415, 0.57
6416, 0.54
6417, 0.40
6418, 0.36
6419, 0.55
6420, 0.58
6421, 0.37
6422, 0.32
6423, 0.48
6424, 0.48
6425, 0.51
6426, 0.36
6427, 0.55
6428, 0.39
6429, 0.50
6430, 0.63
6431, 0.64
6432, 0.42
6433, 0.37
6434, 0.32
6435, 0.45
6436, 0.46
6437, 0.51
6438, 0.46
6439, 0.39
6440, 0.46
6441, 0.55
6442, 0.57
6443, 0.57
6444, 0.29
6445, 0.39
6446, 0.53
6447, 0.57
6448, 0.46
6449, 0.67
6450, 0.41
6451, 0.60
6452, 0.64
6453, 0.63
6454, 0.63
6455, 0.44
6456, 0.29
6457, 0.38
6458, 0.55
6459, 0.42
6460, 0.48
6461, 0.54
6462, 0.58
6463, 0.38
6464, 0.58
6465, 0.47
6466, 0.41
6467, 0.45
6468, 0.39
6469, 0.59
6470, 0.30
6471, 0.52
6472, 0.52
6473, 0.44
6474, 0.45
6475, 0.48
6476, 0.54
6477, 0.50
6478, 0.34
6479, 0.51
6480, 0.36
6481, 0.62
6482, 0.39
6483, 0.41
6484, 0.57
6485, 0.52
6486, 0.45
6487, 0.53
6488, 0.48
6489, 0.38
6490, 0.24
6491, 0.47
6492, 0.41
6493, 0.51
6494, 0.48
6495, 0.52
6496, 0.22
6497, 0.51
6498, 0.52
6499, 0.57
6500, 0.49
6501, 0.43
6502, 0.39
6503, 0.53
6504, 0.59
6505, 0.59
6506, 0.42
6507, 0.52
6508, 0.65
6509, 0.52
6510, 0.51
6511, 0.46
6512, 0.58
6513, 0.34
6514, 0.60
6515, 0.52
6516, 0.61
6517, 0.47
6518, 0.37
6519, 0.43
6520, 0.59
6521, 0.46
6522, 0.55
6523, 0.55
6524, 0.52
6525, 0.48
6526, 0.63
6527, 0.65
6528, 0.62
6529, 0.50
6530, 0.63
6531, 0.52
6532, 0.25
6533, 0.52
6534, 0.41
6535, 0.36
6536, 0.54
6537, 0.64
6538, 0.54
6539, 0.51
6540, 0.50
6541, 0.32
6542, 0.42
6543, 0.51
6544, 0.53
6545, 0.49
6546, 0.52
6547, 0.46
6548, 0.40
6549, 0.42
6550, 0.43
6551, 0.51
6552, 0.51
6553, 0.51
6554, 0.41
6555, 0.62
6556, 0.41
6557, 0.55
6558, 0.34
6559, 0.42
6560, 0.54
6561, 0.48
6562, 0.63
6563, 0.52
6564, 0.46
6565, 0.55
6566, 0.39
6567, 0.52
6568, 0.61
6569, 0.41
6570, 0.60
6571, 0.55
6572, 0.50
6573, 0.57
6574, 0.64
6575, 0.52
6576, 0.47
6577, 0.51
6578, 0.60
6579, 0.44
6580, 0.60
6581, 0.36
6582, 0.48
6583, 0.60
6584, 0.63
6585, 0.44
6586, 0.35
6587, 0.34
6588, 0.35
6589, 0.39
6590, 0.39
6591, 0.51
6592, 0.46
6593, 0.48
6594, 0.50
6595, 0.59
6596, 0.61
6597, 0.45
6598, 0.59
6599, 0.60
6600, 0.53
6601, 0.52
6602, 0.51
6603, 0.52
6604, 0.50
6605, 0.40
6606, 0.62
6607, 0.66
6608, 0.36
6609, 0.59
6610, 0.49
6611, 0.47
6612, 0.59
6613, 0.46
6614, 0.51
6615, 0.65
6616, 0.45
6617, 0.57
6618, 0.41
6619, 0.33
6620, 0.34
6621, 0.61
6622, 0.36
6623, 0.29
6624, 0.49
6625, 0.59
6626, 0.62
6627, 0.48
6628, 0.54
6629, 0.51
6630, 0.52
6631, 0.56
6632, 0.43
6633, 0.47
6634, 0.45
6635, 0.57
6636, 0.52
6637, 0.43
6638, 0.56
6639, 0.54
6640, 0.46
6641, 0.53
6642, 0.50
6643, 0.45
6644, 0.66
6645, 0.60
6646, 0.31
6647, 0.47
6648, 0.46
6649, 0.47
6650, 0.50
6651, 0.60
6652, 0.56
6653, 0.39
6654, 0.52
6655, 0.59
6656, 0.52
6657, 0.57
6658, 0.55
6659, 0.48
6660, 0.48
6661, 0.61
6662, 0.56
6663, 0.60
6664, 0.54
6665, 0.68
6666, 0.55
6667, 0.51
6668, 0.44
6669, 0.59
6670, 0.63
6671, 0.50
6672, 0.60
6673, 0.54
6674, 0.51
6675, 0.37
6676, 0.60
6677, 0.54
6678, 0.62
6679, 0.55
6680, 0.53
6681, 0.36
6682, 0.46
6683, 0.22
6684, 0.47
6685, 0.58
6686, 0.55
6687, 0.36
6688, 0.50
6689, 0.52
6690, 0.48
6691, 0.43
6692, 0.61
6693, 0.57
6694, 0.45
6695, 0.60
6696, 0.57
6697, 0.50
6698, 0.54
6699, 0.55
6700, 0.63
6701, 0.45
6702, 0.47
6703, 0.60
6704, 0.53
6705, 0.51
6706, 0.36
6707, 0.36
6708, 0.36
6709, 0.57
6710, 0.45
6711, 0.65
6712, 0.57
6713, 0.58
6714, 0.36
6715, 0.39
6716, 0.65
6717, 0.38
6718, 0.50
6719, 0.41
6720, 0.55
6721, 0.61
6722, 0.53
6723, 0.60
6724, 0.47
6725, 0.45
6726, 0.48
6727, 0.49
6728, 0.59
6729, 0.57
6730, 0.48
6731, 0.52
6732, 0.54
6733, 0.45
6734, 0.49
6735, 0.63
6736, 0.59
6737, 0.58
6738, 0.53
6739, 0.57
6740, 0.59
6741, 0.62
6742, 0.58
6743, 0.52
6744, 0.41
6745, 0.46
6746, 0.34
6747, 0.55
6748, 0.60
6749, 0.39
6750, 0.54
6751, 0.36
6752, 0.50
6753, 0.38
6754, 0.42
6755, 0.47
6756, 0.49
6757, 0.45
6758, 0.50
6759, 0.52
6760, 0.58
6761, 0.34
6762, 0.39
6763, 0.43
6764, 0.33
6765, 0.50
6766, 0.48
6767, 0.62
6768, 0.57
6769, 0.48
6770, 0.47
6771, 0.58
6772, 0.36
6773, 0.43
6774, 0.46
6775, 0.50
6776, 0.50
6777, 0.54
6778, 0.61
6779, 0.46
6780, 0.55
6781, 0.60
6782, 0.50
6783, 0.50
6784, 0.53
6785, 0.34
6786, 0.49
6787, 0.46
6788, 0.51
6789, 0.62
6790, 0.32
6791, 0.51
6792, 0.53
6793, 0.29
6794, 0.32
6795, 0.60
6796, 0.59
6797, 0.40
6798, 0.50
6799, 0.43
6800, 0.59
6801, 0.44
6802, 0.62
6803, 0.54
6804, 0.33
6805, 0.54
6806, 0.53
6807, 0.50
6808, 0.45
6809, 0.46
6810, 0.55
6811, 0.55
6812, 0.53
6813, 0.42
6814, 0.41
6815, 0.58
6816, 0.41
6817, 0.54
6818, 0.44
6819, 0.42
6820, 0.49
6821, 0.58
6822, 0.51
6823, 0.57
6824, 0.34
6825, 0.48
6826, 0.57
6827, 0.31
6828, 0.44
6829, 0.45
6830, 0.45
6831, 0.55
6832, 0.56
6833, 0.55
6834, 0.55
6835, 0.50
6836, 0.57
6837, 0.52
6838, 0.47
6839, 0.47
6840, 0.57
6841, 0.51
6842, 0.63
6843, 0.42
6844, 0.52
6845, 0.60
6846, 0.38
6847, 0.58
6848, 0.49
6849, 0.61
6850, 0.54
6851, 0.46
6852, 0.56
6853, 0.43
6854, 0.48
6855, 0.50
6856, 0.34
6857, 0.48
6858, 0.61
6859, 0.52
6860, 0.48
6861, 0.62
6862, 0.59
6863, 0.34
6864, 0.63
6865, 0.45
6866, 0.46
6867, 0.41
6868, 0.60
6869, 0.57
6870, 0.41
6871, 0.29
6872, 0.64
6873, 0.45
6874, 0.60
6875, 0.57
6876, 0.41
6877, 0.32
6878, 0.54
6879, 0.51
6880, 0.59
6881, 0.47
6882, 0.41
6883, 0.60
6884, 0.48
6885, 0.51
6886, 0.37
6887, 0.42
6888, 0.50
6889, 0.42
6890, 0.38
6891, 0.57
6892, 0.50
6893, 0.54
6894, 0.53
6895, 0.56
6896, 0.41
6897, 0.47
6898, 0.39
6899, 0.60
6900, 0.60
6901, 0.54
6902, 0.59
6903, 0.53
6904, 0.41
6905, 0.53
6906, 0.64
6907, 0.31
6908, 0.36
6909, 0.25
6910, 0.55
6911, 0.48
6912, 0.46
6913, 0.55
6914, 0.69
6915, 0.36
6916, 0.38
6917, 0.48
6918, 0.51
6919, 0.46
6920, 0.54
6921, 0.40
6922, 0.54
6923, 0.23
6924, 0.41
6925, 0.39
6926, 0.58
6927, 0.50
6928, 0.59
6929, 0.55
6930, 0.35
6931, 0.59
6932, 0.42
6933, 0.57
6934, 0.44
6935, 0.64
6936, 0.62
6937, 0.59
6938, 0.41
6939, 0.30
6940, 0.56
6941, 0.63
6942, 0.55
6943, 0.49
6944, 0.48
6945, 0.55
6946, 0.39
6947, 0.49
6948, 0.20
6949, 0.59
6950, 0.61
6951, 0.49
6952, 0.57
6953, 0.52
6954, 0.50
6955, 0.55
6956, 0.52
6957, 0.32
6958, 0.30
6959, 0.57
6960, 0.48
6961, 0.63
6962, 0.45
6963, 0.52
6964, 0.52
6965, 0.56
6966, 0.33
6967, 0.44
6968, 0.39
6969, 0.43
6970, 0.58
6971, 0.48
6972, 0.48
6973, 0.32
6974, 0.48
6975, 0.45
6976, 0.47
6977, 0.55
6978, 0.58
6979, 0.34
6980, 0.60
6981, 0.38
6982, 0.55
6983, 0.41
6984, 0.51
6985, 0.36
6986, 0.41
6987, 0.66
6988, 0.56
6989, 0.62
6990, 0.45
6991, 0.40
6992, 0.41
6993, 0.43
6994, 0.60
6995, 0.45
6996, 0.49
6997, 0.57
6998, 0.54
6999, 0.48
7000, 0.55
7001, 0.37
7002, 0.46
7003, 0.45
7004, 0.48
7005, 0.50
7006, 0.46
7007, 0.49
7008, 0.49
7009, 0.65
7010, 0.58
7011, 0.54
7012, 0.50
7013, 0.49
7014, 0.49
7015, 0.45
7016, 0.50
7017, 0.55
7018, 0.52
7019, 0.62
7020, 0.45
7021, 0.56
7022, 0.36
7023, 0.60
7024, 0.54
7025, 0.59
7026, 0.54
7027, 0.46
7028, 0.56
7029, 0.59
7030, 0.59
7031, 0.62
7032, 0.50
7033, 0.38
7034, 0.46
7035, 0.44
7036, 0.36
7037, 0.21
7038, 0.66
7039, 0.48
7040, 0.52
7041, 0.50
7042, 0.50
7043, 0.61
7044, 0.49
7045, 0.55
7046, 0.40
7047, 0.30
7048, 0.63
7049, 0.42
7050, 0.47
7051, 0.51
7052, 0.43
7053, 0.50
7054, 0.55
7055, 0.57
7056, 0.51
7057, 0.52
7058, 0.57
7059, 0.45
7060, 0.55
7061, 0.54
7062, 0.55
7063, 0.47
7064, 0.39
7065, 0.69
7066, 0.42
7067, 0.59
7068, 0.42
7069, 0.53
7070, 0.62
7071, 0.58
7072, 0.54
7073, 0.47
7074, 0.55
7075, 0.30
7076, 0.57
7077, 0.35
7078, 0.44
7079, 0.63
7080, 0.54
7081, 0.50
7082, 0.47
7083, 0.37
7084, 0.54
7085, 0.54
7086, 0.52
7087, 0.57
7088, 0.63
7089, 0.48
7090, 0.45
7091, 0.54
7092, 0.45
7093, 0.56
7094, 0.36
7095, 0.54
7096, 0.59
7097, 0.50
7098, 0.66
7099, 0.48
7100, 0.67
7101, 0.47
7102, 0.47
7103, 0.53
7104, 0.34
7105, 0.54
7106, 0.47
7107, 0.62
7108, 0.63
7109, 0.66
7110, 0.42
7111, 0.65
7112, 0.36
7113, 0.47
7114, 0.57
7115, 0.50
7116, 0.56
7117, 0.53
7118, 0.38
7119, 0.62
7120, 0.43
7121, 0.31
7122, 0.51
7123, 0.39
7124, 0.39
7125, 0.30
7126, 0.42
7127, 0.40
7128, 0.55
7129, 0.61
7130, 0.50
7131, 0.53
7132, 0.43
7133, 0.33
7134, 0.35
7135, 0.37
7136, 0.62
7137, 0.34
7138, 0.62
7139, 0.59
7140, 0.23
7141, 0.59
7142, 0.54
7143, 0.30
7144, 0.39
7145, 0.35
7146, 0.47
7147, 0.29
7148, 0.57
7149, 0.34
7150, 0.62
7151, 0.51
7152, 0.46
7153, 0.45
7154, 0.45
7155, 0.45
7156, 0.47
7157, 0.53
7158, 0.48
7159, 0.51
7160, 0.53
7161, 0.41
7162, 0.25
7163, 0.39
7164, 0.48
7165, 0.60
7166, 0.49
7167, 0.59
7168, 0.46
7169, 0.43
7170, 0.59
7171, 0.34
7172, 0.55
7173, 0.52
7174, 0.49
7175, 0.59
7176, 0.58
7177, 0.46
7178, 0.49
7179, 0.54
7180, 0.44
7181, 0.66
7182, 0.47
7183, 0.56
7184, 0.55
7185, 0.58
7186, 0.39
7187, 0.47
7188, 0.59
7189, 0.56
7190, 0.53
7191, 0.36
7192, 0.59
7193, 0.53
7194, 0.48
7195, 0.43
7196, 0.52
7197, 0.38
7198, 0.46
7199, 0.41
7200, 0.29
7201, 0.52
7202, 0.46
7203, 0.38
7204, 0.45
7205, 0.62
7206, 0.42
7207, 0.60
7208, 0.62
7209, 0.54
7210, 0.54
7211, 0.52
7212, 0.33
7213, 0.54
7214, 0.58
7215, 0.48
7216, 0.50
7217, 0.51
7218, 0.55
7219, 0.54
7220, 0.50
7221, 0.46
7222, 0.40
7223, 0.56
7224, 0.55
7225, 0.58
7226, 0.43
7227, 0.33
7228, 0.40
7229, 0.50
7230, 0.45
7231, 0.47
7232, 0.45
7233, 0.43
7234, 0.60
7235, 0.40
7236, 0.43
7237, 0.60
7238, 0.45
7239, 0.34
7240, 0.48
7241, 0.62
7242, 0.53
7243, 0.62
7244, 0.58
7245, 0.52
7246, 0.61
7247, 0.50
7248, 0.48
7249, 0.47
7250, 0.57
7251, 0.47
7252, 0.50
7253, 0.51
7254, 0.21
7255, 0.50
7256, 0.59
7257, 0.49
7258, 0.55
7259, 0.48
7260, 0.25
7261, 0.26
7262, 0.42
7263, 0.66
7264, 0.49
7265, 0.52
7266, 0.59
7267, 0.60
7268, 0.40
7269, 0.48
7270, 0.39
7271, 0.59
7272, 0.48
7273, 0.31
7274, 0.56
7275, 0.30
7276, 0.52
7277, 0.53
7278, 0.43
7279, 0.61
7280, 0.62
7281, 0.44
7282, 0.54
7283, 0.50
7284, 0.49
7285, 0.45
7286, 0.58
7287, 0.38
7288, 0.62
7289, 0.54
7290, 0.50
7291, 0.48
7292, 0.50
7293, 0.42
7294, 0.38
7295, 0.48
7296, 0.41
7297, 0.56
7298, 0.53
7299, 0.51
7300, 0.53
7301, 0.40
7302, 0.57
7303, 0.32
7304, 0.30
7305, 0.50
7306, 0.59
7307, 0.62
7308, 0.48
7309, 0.33
7310, 0.50
7311, 0.53
7312, 0.43
7313, 0.63
7314, 0.50
7315, 0.42
7316, 0.43
7317, 0.43
7318, 0.54
7319, 0.65
7320, 0.50
7321, 0.62
7322, 0.34
7323, 0.45
7324, 0.50
7325, 0.50
7326, 0.62
7327, 0.37
7328, 0.48
7329, 0.66
7330, 0.60
7331, 0.54
7332, 0.50
7333, 0.52
7334, 0.42
7335, 0.52
7336, 0.57
7337, 0.63
7338, 0.60
7339, 0.44
7340, 0.44
7341, 0.48
7342, 0.58
7343, 0.61
7344, 0.53
7345, 0.51
7346, 0.49
7347, 0.44
7348, 0.45
7349, 0.52
7350, 0.37
7351, 0.56
7352, 0.55
7353, 0.23
7354, 0.51
7355, 0.61
7356, 0.37
7357, 0.51
7358, 0.56
7359, 0.48
7360, 0.44
7361, 0.49
7362, 0.61
7363, 0.61
7364, 0.59
7365, 0.46
7366, 0.50
7367, 0.34
7368, 0.50
7369, 0.45
7370, 0.48
7371, 0.43
7372, 0.48
7373, 0.64
7374, 0.51
7375, 0.59
7376, 0.58
7377, 0.49
7378, 0.59
7379, 0.56
7380, 0.57
7381, 0.54
7382, 0.44
7383, 0.46
7384, 0.49
7385, 0.59
7386, 0.49
7387, 0.44
7388, 0.58
7389, 0.68
7390, 0.56
7391, 0.41
7392, 0.62
7393, 0.43
7394, 0.51
7395, 0.38
7396, 0.53
7397, 0.36
7398, 0.55
7399, 0.50
7400, 0.66
7401, 0.52
7402, 0.48
7403, 0.47
7404, 0.55
7405, 0.47
7406, 0.50
7407, 0.36
7408, 0.52
7409, 0.33
7410, 0.36
7411, 0.43
7412, 0.54
7413, 0.40
7414, 0.48
7415, 0.55
7416, 0.32
7417, 0.66
7418, 0.44
7419, 0.52
7420, 0.50
7421, 0.51
