[28] , 0.5830423549220543
[28, 44] , 0.612855691351932
[28, 44, 49] , 0.5967381774900572
[28, 44, 49, 74] , 0.6088071530176794
[28, 44, 49, 74, 54] , 0.6118413795105525
[28, 44, 49, 74, 54, 68] , 0.6281481696519291
[28, 44, 49, 74, 54, 68, 73] , 0.6167166952129358
[28, 44, 49, 74, 54, 68, 73, 70] , 0.6118831828606265
[28, 44, 49, 74, 54, 68, 73, 70, 60] , 0.6154474990565216
[28, 44, 49, 74, 54, 68, 73, 70, 60, 94] , 0.619018782477429
[28, 44, 49, 74, 54, 68, 73, 70, 60, 94, 57] , 0.6212959038522948
[28, 44, 49, 74, 54, 68, 73, 70, 60, 94, 57, 1] , 0.6095189711731065
[28, 44, 49, 74, 54, 68, 73, 70, 60, 94, 57, 1, 43] , 0.6060179406044067
[28, 44, 49, 74, 54, 68, 73, 70, 60, 94, 57, 1, 43, 53] , 0.6105652161291258
[28, 44, 49, 74, 54, 68, 73, 70, 60, 94, 57, 1, 43, 53, 10] , 0.6060876128545302
[28, 44, 49, 74, 54, 68, 73, 70, 60, 94, 57, 1, 43, 53, 10, 71] , 0.6072941039858333
[28, 44, 49, 74, 54, 68, 73, 70, 60, 94, 57, 1, 43, 53, 10, 71, 42] , 0.6078868987139663
[28, 44, 49, 74, 54, 68, 73, 70, 60, 94, 57, 1, 43, 53, 10, 71, 42, 56] , 0.6180770458965947
[28, 44, 49, 74, 54, 68, 73, 70, 60, 94, 57, 1, 43, 53, 10, 71, 42, 56, 33] , 0.6084135048044822
[28, 44, 49, 74, 54, 68, 73, 70, 60, 94, 57, 1, 43, 53, 10, 71, 42, 56, 33, 39] , 0.6083856359044328
[28, 44, 49, 74, 54, 68, 73, 70, 60, 94, 57, 1, 43, 53, 10, 71, 42, 56, 33, 39, 75] , 0.6175190872935234
[28, 44, 49, 74, 54, 68, 73, 70, 60, 94, 57, 1, 43, 53, 10, 71, 42, 56, 33, 39, 75, 76] , 0.6104781258164718
[28, 44, 49, 74, 54, 68, 73, 70, 60, 94, 57, 1, 43, 53, 10, 71, 42, 56, 33, 39, 75, 76, 89] , 0.6072592678607717
[28, 44, 49, 74, 54, 68, 73, 70, 60, 94, 57, 1, 43, 53, 10, 71, 42, 56, 33, 39, 75, 76, 89, 77] , 0.6088704386448748
[28, 44, 49, 74, 54, 68, 73, 70, 60, 94, 57, 1, 43, 53, 10, 71, 42, 56, 33, 39, 75, 76, 89, 77, 8] , 0.6094945858855633
[28, 44, 49, 74, 54, 68, 73, 70, 60, 94, 57, 1, 43, 53, 10, 71, 42, 56, 33, 39, 75, 76, 89, 77, 8, 55] , 0.6170412517780939
[28, 44, 49, 74, 54, 68, 73, 70, 60, 94, 57, 1, 43, 53, 10, 71, 42, 56, 33, 39, 75, 76, 89, 77, 8, 55, 69] , 0.6192208320027869
[28, 44, 49, 74, 54, 68, 73, 70, 60, 94, 57, 1, 43, 53, 10, 71, 42, 56, 33, 39, 75, 76, 89, 77, 8, 55, 69, 11] , 0.6121171655006241
[28, 44, 49, 74, 54, 68, 73, 70, 60, 94, 57, 1, 43, 53, 10, 71, 42, 56, 33, 39, 75, 76, 89, 77, 8, 55, 69, 11, 17] , 0.6126298371411153
[28, 44, 49, 74, 54, 68, 73, 70, 60, 94, 57, 1, 43, 53, 10, 71, 42, 56, 33, 39, 75, 76, 89, 77, 8, 55, 69, 11, 17, 72] , 0.6115522396725404
[28, 44, 49, 74, 54, 68, 73, 70, 60, 94, 57, 1, 43, 53, 10, 71, 42, 56, 33, 39, 75, 76, 89, 77, 8, 55, 69, 11, 17, 72, 85] , 0.6115452724475281
[28, 44, 49, 74, 54, 68, 73, 70, 60, 94, 57, 1, 43, 53, 10, 71, 42, 56, 33, 39, 75, 76, 89, 77, 8, 55, 69, 11, 17, 72, 85, 78] , 0.6126263535286092
[28, 44, 49, 74, 54, 68, 73, 70, 60, 94, 57, 1, 43, 53, 10, 71, 42, 56, 33, 39, 75, 76, 89, 77, 8, 55, 69, 11, 17, 72, 85, 78, 79] , 0.6126298371411153
[28, 44, 49, 74, 54, 68, 73, 70, 60, 94, 57, 1, 43, 53, 10, 71, 42, 56, 33, 39, 75, 76, 89, 77, 8, 55, 69, 11, 17, 72, 85, 78, 79, 91] , 0.6120927802130809
[28, 44, 49, 74, 54, 68, 73, 70, 60, 94, 57, 1, 43, 53, 10, 71, 42, 56, 33, 39, 75, 76, 89, 77, 8, 55, 69, 11, 17, 72, 85, 78, 79, 91, 100] , 0.6120927802130809
[28, 44, 49, 74, 54, 68, 73, 70, 60, 94, 57, 1, 43, 53, 10, 71, 42, 56, 33, 39, 75, 76, 89, 77, 8, 55, 69, 11, 17, 72, 85, 78, 79, 91, 100, 101] , 0.611562690510059
[28, 44, 49, 74, 54, 68, 73, 70, 60, 94, 57, 1, 43, 53, 10, 71, 42, 56, 33, 39, 75, 76, 89, 77, 8, 55, 69, 11, 17, 72, 85, 78, 79, 91, 100, 101, 67] , 0.6120927802130809
[28, 44, 49, 74, 54, 68, 73, 70, 60, 94, 57, 1, 43, 53, 10, 71, 42, 56, 33, 39, 75, 76, 89, 77, 8, 55, 69, 11, 17, 72, 85, 78, 79, 91, 100, 101, 67, 80] , 0.6110186663570123
[28, 44, 49, 74, 54, 68, 73, 70, 60, 94, 57, 1, 43, 53, 10, 71, 42, 56, 33, 39, 75, 76, 89, 77, 8, 55, 69, 11, 17, 72, 85, 78, 79, 91, 100, 101, 67, 80, 82] , 0.6099410688884374
[28, 44, 49, 74, 54, 68, 73, 70, 60, 94, 57, 1, 43, 53, 10, 71, 42, 56, 33, 39, 75, 76, 89, 77, 8, 55, 69, 11, 17, 72, 85, 78, 79, 91, 100, 101, 67, 80, 82, 83] , 0.6099410688884374
[28, 44, 49, 74, 54, 68, 73, 70, 60, 94, 57, 1, 43, 53, 10, 71, 42, 56, 33, 39, 75, 76, 89, 77, 8, 55, 69, 11, 17, 72, 85, 78, 79, 91, 100, 101, 67, 80, 82, 83, 84] , 0.6110186663570123
[28, 44, 49, 74, 54, 68, 73, 70, 60, 94, 57, 1, 43, 53, 10, 71, 42, 56, 33, 39, 75, 76, 89, 77, 8, 55, 69, 11, 17, 72, 85, 78, 79, 91, 100, 101, 67, 80, 82, 83, 84, 86] , 0.6110186663570123
[28, 44, 49, 74, 54, 68, 73, 70, 60, 94, 57, 1, 43, 53, 10, 71, 42, 56, 33, 39, 75, 76, 89, 77, 8, 55, 69, 11, 17, 72, 85, 78, 79, 91, 100, 101, 67, 80, 82, 83, 84, 86, 93] , 0.6104746422039654
[28, 44, 49, 74, 54, 68, 73, 70, 60, 94, 57, 1, 43, 53, 10, 71, 42, 56, 33, 39, 75, 76, 89, 77, 8, 55, 69, 11, 17, 72, 85, 78, 79, 91, 100, 101, 67, 80, 82, 83, 84, 86, 93, 98] , 0.6104781258164718
[28, 44, 49, 74, 54, 68, 73, 70, 60, 94, 57, 1, 43, 53, 10, 71, 42, 56, 33, 39, 75, 76, 89, 77, 8, 55, 69, 11, 17, 72, 85, 78, 79, 91, 100, 101, 67, 80, 82, 83, 84, 86, 93, 98, 87] , 0.6094005283478968
[28, 44, 49, 74, 54, 68, 73, 70, 60, 94, 57, 1, 43, 53, 10, 71, 42, 56, 33, 39, 75, 76, 89, 77, 8, 55, 69, 11, 17, 72, 85, 78, 79, 91, 100, 101, 67, 80, 82, 83, 84, 86, 93, 98, 87, 90] , 0.6104816094289779
[28, 44, 49, 74, 54, 68, 73, 70, 60, 94, 57, 1, 43, 53, 10, 71, 42, 56, 33, 39, 75, 76, 89, 77, 8, 55, 69, 11, 17, 72, 85, 78, 79, 91, 100, 101, 67, 80, 82, 83, 84, 86, 93, 98, 87, 90, 92] , 0.6110186663570123
[28, 44, 49, 74, 54, 68, 73, 70, 60, 94, 57, 1, 43, 53, 10, 71, 42, 56, 33, 39, 75, 76, 89, 77, 8, 55, 69, 11, 17, 72, 85, 78, 79, 91, 100, 101, 67, 80, 82, 83, 84, 86, 93, 98, 87, 90, 92, 95] , 0.6115592068975528
[28, 44, 49, 74, 54, 68, 73, 70, 60, 94, 57, 1, 43, 53, 10, 71, 42, 56, 33, 39, 75, 76, 89, 77, 8, 55, 69, 11, 17, 72, 85, 78, 79, 91, 100, 101, 67, 80, 82, 83, 84, 86, 93, 98, 87, 90, 92, 95, 96] , 0.6120997474380934
[28, 44, 49, 74, 54, 68, 73, 70, 60, 94, 57, 1, 43, 53, 10, 71, 42, 56, 33, 39, 75, 76, 89, 77, 8, 55, 69, 11, 17, 72, 85, 78, 79, 91, 100, 101, 67, 80, 82, 83, 84, 86, 93, 98, 87, 90, 92, 95, 96, 97] , 0.6115592068975528
[28, 44, 49, 74, 54, 68, 73, 70, 60, 94, 57, 1, 43, 53, 10, 71, 42, 56, 33, 39, 75, 76, 89, 77, 8, 55, 69, 11, 17, 72, 85, 78, 79, 91, 100, 101, 67, 80, 82, 83, 84, 86, 93, 98, 87, 90, 92, 95, 96, 97, 99] , 0.6104781258164718
[28, 44, 49, 74, 54, 68, 73, 70, 60, 94, 57, 1, 43, 53, 10, 71, 42, 56, 33, 39, 75, 76, 89, 77, 8, 55, 69, 11, 17, 72, 85, 78, 79, 91, 100, 101, 67, 80, 82, 83, 84, 86, 93, 98, 87, 90, 92, 95, 96, 97, 99, 102] , 0.6104816094289779
[28, 44, 49, 74, 54, 68, 73, 70, 60, 94, 57, 1, 43, 53, 10, 71, 42, 56, 33, 39, 75, 76, 89, 77, 8, 55, 69, 11, 17, 72, 85, 78, 79, 91, 100, 101, 67, 80, 82, 83, 84, 86, 93, 98, 87, 90, 92, 95, 96, 97, 99, 102, 103] , 0.6104816094289779
[28, 44, 49, 74, 54, 68, 73, 70, 60, 94, 57, 1, 43, 53, 10, 71, 42, 56, 33, 39, 75, 76, 89, 77, 8, 55, 69, 11, 17, 72, 85, 78, 79, 91, 100, 101, 67, 80, 82, 83, 84, 86, 93, 98, 87, 90, 92, 95, 96, 97, 99, 102, 103, 63] , 0.6094179464104276
[28, 44, 49, 74, 54, 68, 73, 70, 60, 94, 57, 1, 43, 53, 10, 71, 42, 56, 33, 39, 75, 76, 89, 77, 8, 55, 69, 11, 17, 72, 85, 78, 79, 91, 100, 101, 67, 80, 82, 83, 84, 86, 93, 98, 87, 90, 92, 95, 96, 97, 99, 102, 103, 63, 104] , 0.6072627514732778
[28, 44, 49, 74, 54, 68, 73, 70, 60, 94, 57, 1, 43, 53, 10, 71, 42, 56, 33, 39, 75, 76, 89, 77, 8, 55, 69, 11, 17, 72, 85, 78, 79, 91, 100, 101, 67, 80, 82, 83, 84, 86, 93, 98, 87, 90, 92, 95, 96, 97, 99, 102, 103, 63, 104, 105] , 0.6077998084013122
[28, 44, 49, 74, 54, 68, 73, 70, 60, 94, 57, 1, 43, 53, 10, 71, 42, 56, 33, 39, 75, 76, 89, 77, 8, 55, 69, 11, 17, 72, 85, 78, 79, 91, 100, 101, 67, 80, 82, 83, 84, 86, 93, 98, 87, 90, 92, 95, 96, 97, 99, 102, 103, 63, 104, 105, 106] , 0.6083438325543589
[28, 44, 49, 74, 54, 68, 73, 70, 60, 94, 57, 1, 43, 53, 10, 71, 42, 56, 33, 39, 75, 76, 89, 77, 8, 55, 69, 11, 17, 72, 85, 78, 79, 91, 100, 101, 67, 80, 82, 83, 84, 86, 93, 98, 87, 90, 92, 95, 96, 97, 99, 102, 103, 63, 104, 105, 106, 81] , 0.6040264754550468
[28, 44, 49, 74, 54, 68, 73, 70, 60, 94, 57, 1, 43, 53, 10, 71, 42, 56, 33, 39, 75, 76, 89, 77, 8, 55, 69, 11, 17, 72, 85, 78, 79, 91, 100, 101, 67, 80, 82, 83, 84, 86, 93, 98, 87, 90, 92, 95, 96, 97, 99, 102, 103, 63, 104, 105, 106, 81, 13] , 0.6040264754550468
[28, 44, 49, 74, 54, 68, 73, 70, 60, 94, 57, 1, 43, 53, 10, 71, 42, 56, 33, 39, 75, 76, 89, 77, 8, 55, 69, 11, 17, 72, 85, 78, 79, 91, 100, 101, 67, 80, 82, 83, 84, 86, 93, 98, 87, 90, 92, 95, 96, 97, 99, 102, 103, 63, 104, 105, 106, 81, 13, 40] , 0.6024083374459315
[28, 44, 49, 74, 54, 68, 73, 70, 60, 94, 57, 1, 43, 53, 10, 71, 42, 56, 33, 39, 75, 76, 89, 77, 8, 55, 69, 11, 17, 72, 85, 78, 79, 91, 100, 101, 67, 80, 82, 83, 84, 86, 93, 98, 87, 90, 92, 95, 96, 97, 99, 102, 103, 63, 104, 105, 106, 81, 13, 40, 51] , 0.6018747641304032
[28, 44, 49, 74, 54, 68, 73, 70, 60, 94, 57, 1, 43, 53, 10, 71, 42, 56, 33, 39, 75, 76, 89, 77, 8, 55, 69, 11, 17, 72, 85, 78, 79, 91, 100, 101, 67, 80, 82, 83, 84, 86, 93, 98, 87, 90, 92, 95, 96, 97, 99, 102, 103, 63, 104, 105, 106, 81, 13, 40, 51, 29] , 0.5964867767875287
[28, 44, 49, 74, 54, 68, 73, 70, 60, 94, 57, 1, 43, 53, 10, 71, 42, 56, 33, 39, 75, 76, 89, 77, 8, 55, 69, 11, 17, 72, 85, 78, 79, 91, 100, 101, 67, 80, 82, 83, 84, 86, 93, 98, 87, 90, 92, 95, 96, 97, 99, 102, 103, 63, 104, 105, 106, 81, 13, 40, 51, 29, 12] , 0.5937736232473075
[28, 44, 49, 74, 54, 68, 73, 70, 60, 94, 57, 1, 43, 53, 10, 71, 42, 56, 33, 39, 75, 76, 89, 77, 8, 55, 69, 11, 17, 72, 85, 78, 79, 91, 100, 101, 67, 80, 82, 83, 84, 86, 93, 98, 87, 90, 92, 95, 96, 97, 99, 102, 103, 63, 104, 105, 106, 81, 13, 40, 51, 29, 12, 88] , 0.5905652161291258
[28, 44, 49, 74, 54, 68, 73, 70, 60, 94, 57, 1, 43, 53, 10, 71, 42, 56, 33, 39, 75, 76, 89, 77, 8, 55, 69, 11, 17, 72, 85, 78, 79, 91, 100, 101, 67, 80, 82, 83, 84, 86, 93, 98, 87, 90, 92, 95, 96, 97, 99, 102, 103, 63, 104, 105, 106, 81, 13, 40, 51, 29, 12, 88, 65] , 0.5851667779487328
[28, 44, 49, 74, 54, 68, 73, 70, 60, 94, 57, 1, 43, 53, 10, 71, 42, 56, 33, 39, 75, 76, 89, 77, 8, 55, 69, 11, 17, 72, 85, 78, 79, 91, 100, 101, 67, 80, 82, 83, 84, 86, 93, 98, 87, 90, 92, 95, 96, 97, 99, 102, 103, 63, 104, 105, 106, 81, 13, 40, 51, 29, 12, 88, 65, 66] , 0.5775922431561529
[28, 44, 49, 74, 54, 68, 73, 70, 60, 94, 57, 1, 43, 53, 10, 71, 42, 56, 33, 39, 75, 76, 89, 77, 8, 55, 69, 11, 17, 72, 85, 78, 79, 91, 100, 101, 67, 80, 82, 83, 84, 86, 93, 98, 87, 90, 92, 95, 96, 97, 99, 102, 103, 63, 104, 105, 106, 81, 13, 40, 51, 29, 12, 88, 65, 66, 5] , 0.5776026939936714
[28, 44, 49, 74, 54, 68, 73, 70, 60, 94, 57, 1, 43, 53, 10, 71, 42, 56, 33, 39, 75, 76, 89, 77, 8, 55, 69, 11, 17, 72, 85, 78, 79, 91, 100, 101, 67, 80, 82, 83, 84, 86, 93, 98, 87, 90, 92, 95, 96, 97, 99, 102, 103, 63, 104, 105, 106, 81, 13, 40, 51, 29, 12, 88, 65, 66, 5, 61] , 0.5786837750747524
[28, 44, 49, 74, 54, 68, 73, 70, 60, 94, 57, 1, 43, 53, 10, 71, 42, 56, 33, 39, 75, 76, 89, 77, 8, 55, 69, 11, 17, 72, 85, 78, 79, 91, 100, 101, 67, 80, 82, 83, 84, 86, 93, 98, 87, 90, 92, 95, 96, 97, 99, 102, 103, 63, 104, 105, 106, 81, 13, 40, 51, 29, 12, 88, 65, 66, 5, 61, 20] , 0.5759741051470375
[28, 44, 49, 74, 54, 68, 73, 70, 60, 94, 57, 1, 43, 53, 10, 71, 42, 56, 33, 39, 75, 76, 89, 77, 8, 55, 69, 11, 17, 72, 85, 78, 79, 91, 100, 101, 67, 80, 82, 83, 84, 86, 93, 98, 87, 90, 92, 95, 96, 97, 99, 102, 103, 63, 104, 105, 106, 81, 13, 40, 51, 29, 12, 88, 65, 66, 5, 61, 20, 15] , 0.5656689987517055
[28, 44, 49, 74, 54, 68, 73, 70, 60, 94, 57, 1, 43, 53, 10, 71, 42, 56, 33, 39, 75, 76, 89, 77, 8, 55, 69, 11, 17, 72, 85, 78, 79, 91, 100, 101, 67, 80, 82, 83, 84, 86, 93, 98, 87, 90, 92, 95, 96, 97, 99, 102, 103, 63, 104, 105, 106, 81, 13, 40, 51, 29, 12, 88, 65, 66, 5, 61, 20, 15, 23] , 0.5512416175574071
[28, 44, 49, 74, 54, 68, 73, 70, 60, 94, 57, 1, 43, 53, 10, 71, 42, 56, 33, 39, 75, 76, 89, 77, 8, 55, 69, 11, 17, 72, 85, 78, 79, 91, 100, 101, 67, 80, 82, 83, 84, 86, 93, 98, 87, 90, 92, 95, 96, 97, 99, 102, 103, 63, 104, 105, 106, 81, 13, 40, 51, 29, 12, 88, 65, 66, 5, 61, 20, 15, 23, 7] , 0.5441867216303307
[28, 44, 49, 74, 54, 68, 73, 70, 60, 94, 57, 1, 43, 53, 10, 71, 42, 56, 33, 39, 75, 76, 89, 77, 8, 55, 69, 11, 17, 72, 85, 78, 79, 91, 100, 101, 67, 80, 82, 83, 84, 86, 93, 98, 87, 90, 92, 95, 96, 97, 99, 102, 103, 63, 104, 105, 106, 81, 13, 40, 51, 29, 12, 88, 65, 66, 5, 61, 20, 15, 23, 7, 52] , 0.5511858797573083
[28, 44, 49, 74, 54, 68, 73, 70, 60, 94, 57, 1, 43, 53, 10, 71, 42, 56, 33, 39, 75, 76, 89, 77, 8, 55, 69, 11, 17, 72, 85, 78, 79, 91, 100, 101, 67, 80, 82, 83, 84, 86, 93, 98, 87, 90, 92, 95, 96, 97, 99, 102, 103, 63, 104, 105, 106, 81, 13, 40, 51, 29, 12, 88, 65, 66, 5, 61, 20, 15, 23, 7, 52, 34] , 0.5463384329549743
[28, 44, 49, 74, 54, 68, 73, 70, 60, 94, 57, 1, 43, 53, 10, 71, 42, 56, 33, 39, 75, 76, 89, 77, 8, 55, 69, 11, 17, 72, 85, 78, 79, 91, 100, 101, 67, 80, 82, 83, 84, 86, 93, 98, 87, 90, 92, 95, 96, 97, 99, 102, 103, 63, 104, 105, 106, 81, 13, 40, 51, 29, 12, 88, 65, 66, 5, 61, 20, 15, 23, 7, 52, 34, 26] , 0.5388509884750486
[28, 44, 49, 74, 54, 68, 73, 70, 60, 94, 57, 1, 43, 53, 10, 71, 42, 56, 33, 39, 75, 76, 89, 77, 8, 55, 69, 11, 17, 72, 85, 78, 79, 91, 100, 101, 67, 80, 82, 83, 84, 86, 93, 98, 87, 90, 92, 95, 96, 97, 99, 102, 103, 63, 104, 105, 106, 81, 13, 40, 51, 29, 12, 88, 65, 66, 5, 61, 20, 15, 23, 7, 52, 34, 26, 14] , 0.5491003570702818
[28, 44, 49, 74, 54, 68, 73, 70, 60, 94, 57, 1, 43, 53, 10, 71, 42, 56, 33, 39, 75, 76, 89, 77, 8, 55, 69, 11, 17, 72, 85, 78, 79, 91, 100, 101, 67, 80, 82, 83, 84, 86, 93, 98, 87, 90, 92, 95, 96, 97, 99, 102, 103, 63, 104, 105, 106, 81, 13, 40, 51, 29, 12, 88, 65, 66, 5, 61, 20, 15, 23, 7, 52, 34, 26, 14, 6] , 0.5507498475919529
[28, 44, 49, 74, 54, 68, 73, 70, 60, 94, 57, 1, 43, 53, 10, 71, 42, 56, 33, 39, 75, 76, 89, 77, 8, 55, 69, 11, 17, 72, 85, 78, 79, 91, 100, 101, 67, 80, 82, 83, 84, 86, 93, 98, 87, 90, 92, 95, 96, 97, 99, 102, 103, 63, 104, 105, 106, 81, 13, 40, 51, 29, 12, 88, 65, 66, 5, 61, 20, 15, 23, 7, 52, 34, 26, 14, 6, 58] , 0.5447446802334021
[28, 44, 49, 74, 54, 68, 73, 70, 60, 94, 57, 1, 43, 53, 10, 71, 42, 56, 33, 39, 75, 76, 89, 77, 8, 55, 69, 11, 17, 72, 85, 78, 79, 91, 100, 101, 67, 80, 82, 83, 84, 86, 93, 98, 87, 90, 92, 95, 96, 97, 99, 102, 103, 63, 104, 105, 106, 81, 13, 40, 51, 29, 12, 88, 65, 66, 5, 61, 20, 15, 23, 7, 52, 34, 26, 14, 6, 58, 50] , 0.548573750979766
[28, 44, 49, 74, 54, 68, 73, 70, 60, 94, 57, 1, 43, 53, 10, 71, 42, 56, 33, 39, 75, 76, 89, 77, 8, 55, 69, 11, 17, 72, 85, 78, 79, 91, 100, 101, 67, 80, 82, 83, 84, 86, 93, 98, 87, 90, 92, 95, 96, 97, 99, 102, 103, 63, 104, 105, 106, 81, 13, 40, 51, 29, 12, 88, 65, 66, 5, 61, 20, 15, 23, 7, 52, 34, 26, 14, 6, 58, 50, 37] , 0.5448213197085378
[28, 44, 49, 74, 54, 68, 73, 70, 60, 94, 57, 1, 43, 53, 10, 71, 42, 56, 33, 39, 75, 76, 89, 77, 8, 55, 69, 11, 17, 72, 85, 78, 79, 91, 100, 101, 67, 80, 82, 83, 84, 86, 93, 98, 87, 90, 92, 95, 96, 97, 99, 102, 103, 63, 104, 105, 106, 81, 13, 40, 51, 29, 12, 88, 65, 66, 5, 61, 20, 15, 23, 7, 52, 34, 26, 14, 6, 58, 50, 37, 4] , 0.5421360350683659
[28, 44, 49, 74, 54, 68, 73, 70, 60, 94, 57, 1, 43, 53, 10, 71, 42, 56, 33, 39, 75, 76, 89, 77, 8, 55, 69, 11, 17, 72, 85, 78, 79, 91, 100, 101, 67, 80, 82, 83, 84, 86, 93, 98, 87, 90, 92, 95, 96, 97, 99, 102, 103, 63, 104, 105, 106, 81, 13, 40, 51, 29, 12, 88, 65, 66, 5, 61, 20, 15, 23, 7, 52, 34, 26, 14, 6, 58, 50, 37, 4, 19] , 0.5394333323656632
[28, 44, 49, 74, 54, 68, 73, 70, 60, 94, 57, 1, 43, 53, 10, 71, 42, 56, 33, 39, 75, 76, 89, 77, 8, 55, 69, 11, 17, 72, 85, 78, 79, 91, 100, 101, 67, 80, 82, 83, 84, 86, 93, 98, 87, 90, 92, 95, 96, 97, 99, 102, 103, 63, 104, 105, 106, 81, 13, 40, 51, 29, 12, 88, 65, 66, 5, 61, 20, 15, 23, 7, 52, 34, 26, 14, 6, 58, 50, 37, 4, 19, 22] , 0.5383452840595698
[28, 44, 49, 74, 54, 68, 73, 70, 60, 94, 57, 1, 43, 53, 10, 71, 42, 56, 33, 39, 75, 76, 89, 77, 8, 55, 69, 11, 17, 72, 85, 78, 79, 91, 100, 101, 67, 80, 82, 83, 84, 86, 93, 98, 87, 90, 92, 95, 96, 97, 99, 102, 103, 63, 104, 105, 106, 81, 13, 40, 51, 29, 12, 88, 65, 66, 5, 61, 20, 15, 23, 7, 52, 34, 26, 14, 6, 58, 50, 37, 4, 19, 22, 3] , 0.5361831218974076
[28, 44, 49, 74, 54, 68, 73, 70, 60, 94, 57, 1, 43, 53, 10, 71, 42, 56, 33, 39, 75, 76, 89, 77, 8, 55, 69, 11, 17, 72, 85, 78, 79, 91, 100, 101, 67, 80, 82, 83, 84, 86, 93, 98, 87, 90, 92, 95, 96, 97, 99, 102, 103, 63, 104, 105, 106, 81, 13, 40, 51, 29, 12, 88, 65, 66, 5, 61, 20, 15, 23, 7, 52, 34, 26, 14, 6, 58, 50, 37, 4, 19, 22, 3, 35] , 0.5243678694806515
[28, 44, 49, 74, 54, 68, 73, 70, 60, 94, 57, 1, 43, 53, 10, 71, 42, 56, 33, 39, 75, 76, 89, 77, 8, 55, 69, 11, 17, 72, 85, 78, 79, 91, 100, 101, 67, 80, 82, 83, 84, 86, 93, 98, 87, 90, 92, 95, 96, 97, 99, 102, 103, 63, 104, 105, 106, 81, 13, 40, 51, 29, 12, 88, 65, 66, 5, 61, 20, 15, 23, 7, 52, 34, 26, 14, 6, 58, 50, 37, 4, 19, 22, 3, 35, 62] , 0.5247516474584143
[28, 44, 49, 74, 54, 68, 73, 70, 60, 94, 57, 1, 43, 53, 10, 71, 42, 56, 33, 39, 75, 76, 89, 77, 8, 55, 69, 11, 17, 72, 85, 78, 79, 91, 100, 101, 67, 80, 82, 83, 84, 86, 93, 98, 87, 90, 92, 95, 96, 97, 99, 102, 103, 63, 104, 105, 106, 81, 13, 40, 51, 29, 12, 88, 65, 66, 5, 61, 20, 15, 23, 7, 52, 34, 26, 14, 6, 58, 50, 37, 4, 19, 22, 3, 35, 62, 47] , 0.5361204168722966
[28, 44, 49, 74, 54, 68, 73, 70, 60, 94, 57, 1, 43, 53, 10, 71, 42, 56, 33, 39, 75, 76, 89, 77, 8, 55, 69, 11, 17, 72, 85, 78, 79, 91, 100, 101, 67, 80, 82, 83, 84, 86, 93, 98, 87, 90, 92, 95, 96, 97, 99, 102, 103, 63, 104, 105, 106, 81, 13, 40, 51, 29, 12, 88, 65, 66, 5, 61, 20, 15, 23, 7, 52, 34, 26, 14, 6, 58, 50, 37, 4, 19, 22, 3, 35, 62, 47, 45] , 0.5393392748279966
[28, 44, 49, 74, 54, 68, 73, 70, 60, 94, 57, 1, 43, 53, 10, 71, 42, 56, 33, 39, 75, 76, 89, 77, 8, 55, 69, 11, 17, 72, 85, 78, 79, 91, 100, 101, 67, 80, 82, 83, 84, 86, 93, 98, 87, 90, 92, 95, 96, 97, 99, 102, 103, 63, 104, 105, 106, 81, 13, 40, 51, 29, 12, 88, 65, 66, 5, 61, 20, 15, 23, 7, 52, 34, 26, 14, 6, 58, 50, 37, 4, 19, 22, 3, 35, 62, 47, 45, 41] , 0.5377002351438441
[28, 44, 49, 74, 54, 68, 73, 70, 60, 94, 57, 1, 43, 53, 10, 71, 42, 56, 33, 39, 75, 76, 89, 77, 8, 55, 69, 11, 17, 72, 85, 78, 79, 91, 100, 101, 67, 80, 82, 83, 84, 86, 93, 98, 87, 90, 92, 95, 96, 97, 99, 102, 103, 63, 104, 105, 106, 81, 13, 40, 51, 29, 12, 88, 65, 66, 5, 61, 20, 15, 23, 7, 52, 34, 26, 14, 6, 58, 50, 37, 4, 19, 22, 3, 35, 62, 47, 45, 41, 32] , 0.5252956716114611
[28, 44, 49, 74, 54, 68, 73, 70, 60, 94, 57, 1, 43, 53, 10, 71, 42, 56, 33, 39, 75, 76, 89, 77, 8, 55, 69, 11, 17, 72, 85, 78, 79, 91, 100, 101, 67, 80, 82, 83, 84, 86, 93, 98, 87, 90, 92, 95, 96, 97, 99, 102, 103, 63, 104, 105, 106, 81, 13, 40, 51, 29, 12, 88, 65, 66, 5, 61, 20, 15, 23, 7, 52, 34, 26, 14, 6, 58, 50, 37, 4, 19, 22, 3, 35, 62, 47, 45, 41, 32, 9] , 0.5204900281592011
[28, 44, 49, 74, 54, 68, 73, 70, 60, 94, 57, 1, 43, 53, 10, 71, 42, 56, 33, 39, 75, 76, 89, 77, 8, 55, 69, 11, 17, 72, 85, 78, 79, 91, 100, 101, 67, 80, 82, 83, 84, 86, 93, 98, 87, 90, 92, 95, 96, 97, 99, 102, 103, 63, 104, 105, 106, 81, 13, 40, 51, 29, 12, 88, 65, 66, 5, 61, 20, 15, 23, 7, 52, 34, 26, 14, 6, 58, 50, 37, 4, 19, 22, 3, 35, 62, 47, 45, 41, 32, 9, 21] , 0.5269939327082185
[28, 44, 49, 74, 54, 68, 73, 70, 60, 94, 57, 1, 43, 53, 10, 71, 42, 56, 33, 39, 75, 76, 89, 77, 8, 55, 69, 11, 17, 72, 85, 78, 79, 91, 100, 101, 67, 80, 82, 83, 84, 86, 93, 98, 87, 90, 92, 95, 96, 97, 99, 102, 103, 63, 104, 105, 106, 81, 13, 40, 51, 29, 12, 88, 65, 66, 5, 61, 20, 15, 23, 7, 52, 34, 26, 14, 6, 58, 50, 37, 4, 19, 22, 3, 35, 62, 47, 45, 41, 32, 9, 21, 31] , 0.5474752518361541
[28, 44, 49, 74, 54, 68, 73, 70, 60, 94, 57, 1, 43, 53, 10, 71, 42, 56, 33, 39, 75, 76, 89, 77, 8, 55, 69, 11, 17, 72, 85, 78, 79, 91, 100, 101, 67, 80, 82, 83, 84, 86, 93, 98, 87, 90, 92, 95, 96, 97, 99, 102, 103, 63, 104, 105, 106, 81, 13, 40, 51, 29, 12, 88, 65, 66, 5, 61, 20, 15, 23, 7, 52, 34, 26, 14, 6, 58, 50, 37, 4, 19, 22, 3, 35, 62, 47, 45, 41, 32, 9, 21, 31, 2] , 0.5485563329172352
[28, 44, 49, 74, 54, 68, 73, 70, 60, 94, 57, 1, 43, 53, 10, 71, 42, 56, 33, 39, 75, 76, 89, 77, 8, 55, 69, 11, 17, 72, 85, 78, 79, 91, 100, 101, 67, 80, 82, 83, 84, 86, 93, 98, 87, 90, 92, 95, 96, 97, 99, 102, 103, 63, 104, 105, 106, 81, 13, 40, 51, 29, 12, 88, 65, 66, 5, 61, 20, 15, 23, 7, 52, 34, 26, 14, 6, 58, 50, 37, 4, 19, 22, 3, 35, 62, 47, 45, 41, 32, 9, 21, 31, 2, 0] , 0.5485493656922229
[28, 44, 49, 74, 54, 68, 73, 70, 60, 94, 57, 1, 43, 53, 10, 71, 42, 56, 33, 39, 75, 76, 89, 77, 8, 55, 69, 11, 17, 72, 85, 78, 79, 91, 100, 101, 67, 80, 82, 83, 84, 86, 93, 98, 87, 90, 92, 95, 96, 97, 99, 102, 103, 63, 104, 105, 106, 81, 13, 40, 51, 29, 12, 88, 65, 66, 5, 61, 20, 15, 23, 7, 52, 34, 26, 14, 6, 58, 50, 37, 4, 19, 22, 3, 35, 62, 47, 45, 41, 32, 9, 21, 31, 2, 0, 25] , 0.546394170755073
[28, 44, 49, 74, 54, 68, 73, 70, 60, 94, 57, 1, 43, 53, 10, 71, 42, 56, 33, 39, 75, 76, 89, 77, 8, 55, 69, 11, 17, 72, 85, 78, 79, 91, 100, 101, 67, 80, 82, 83, 84, 86, 93, 98, 87, 90, 92, 95, 96, 97, 99, 102, 103, 63, 104, 105, 106, 81, 13, 40, 51, 29, 12, 88, 65, 66, 5, 61, 20, 15, 23, 7, 52, 34, 26, 14, 6, 58, 50, 37, 4, 19, 22, 3, 35, 62, 47, 45, 41, 32, 9, 21, 31, 2, 0, 25, 46] , 0.5447934508084884
[28, 44, 49, 74, 54, 68, 73, 70, 60, 94, 57, 1, 43, 53, 10, 71, 42, 56, 33, 39, 75, 76, 89, 77, 8, 55, 69, 11, 17, 72, 85, 78, 79, 91, 100, 101, 67, 80, 82, 83, 84, 86, 93, 98, 87, 90, 92, 95, 96, 97, 99, 102, 103, 63, 104, 105, 106, 81, 13, 40, 51, 29, 12, 88, 65, 66, 5, 61, 20, 15, 23, 7, 52, 34, 26, 14, 6, 58, 50, 37, 4, 19, 22, 3, 35, 62, 47, 45, 41, 32, 9, 21, 31, 2, 0, 25, 46, 48] , 0.5431578947368422
[28, 44, 49, 74, 54, 68, 73, 70, 60, 94, 57, 1, 43, 53, 10, 71, 42, 56, 33, 39, 75, 76, 89, 77, 8, 55, 69, 11, 17, 72, 85, 78, 79, 91, 100, 101, 67, 80, 82, 83, 84, 86, 93, 98, 87, 90, 92, 95, 96, 97, 99, 102, 103, 63, 104, 105, 106, 81, 13, 40, 51, 29, 12, 88, 65, 66, 5, 61, 20, 15, 23, 7, 52, 34, 26, 14, 6, 58, 50, 37, 4, 19, 22, 3, 35, 62, 47, 45, 41, 32, 9, 21, 31, 2, 0, 25, 46, 48, 59] , 0.5415536911777513
[28, 44, 49, 74, 54, 68, 73, 70, 60, 94, 57, 1, 43, 53, 10, 71, 42, 56, 33, 39, 75, 76, 89, 77, 8, 55, 69, 11, 17, 72, 85, 78, 79, 91, 100, 101, 67, 80, 82, 83, 84, 86, 93, 98, 87, 90, 92, 95, 96, 97, 99, 102, 103, 63, 104, 105, 106, 81, 13, 40, 51, 29, 12, 88, 65, 66, 5, 61, 20, 15, 23, 7, 52, 34, 26, 14, 6, 58, 50, 37, 4, 19, 22, 3, 35, 62, 47, 45, 41, 32, 9, 21, 31, 2, 0, 25, 46, 48, 59, 64] , 0.5410096670247047
[28, 44, 49, 74, 54, 68, 73, 70, 60, 94, 57, 1, 43, 53, 10, 71, 42, 56, 33, 39, 75, 76, 89, 77, 8, 55, 69, 11, 17, 72, 85, 78, 79, 91, 100, 101, 67, 80, 82, 83, 84, 86, 93, 98, 87, 90, 92, 95, 96, 97, 99, 102, 103, 63, 104, 105, 106, 81, 13, 40, 51, 29, 12, 88, 65, 66, 5, 61, 20, 15, 23, 7, 52, 34, 26, 14, 6, 58, 50, 37, 4, 19, 22, 3, 35, 62, 47, 45, 41, 32, 9, 21, 31, 2, 0, 25, 46, 48, 59, 64, 18] , 0.5361726710598891
[28, 44, 49, 74, 54, 68, 73, 70, 60, 94, 57, 1, 43, 53, 10, 71, 42, 56, 33, 39, 75, 76, 89, 77, 8, 55, 69, 11, 17, 72, 85, 78, 79, 91, 100, 101, 67, 80, 82, 83, 84, 86, 93, 98, 87, 90, 92, 95, 96, 97, 99, 102, 103, 63, 104, 105, 106, 81, 13, 40, 51, 29, 12, 88, 65, 66, 5, 61, 20, 15, 23, 7, 52, 34, 26, 14, 6, 58, 50, 37, 4, 19, 22, 3, 35, 62, 47, 45, 41, 32, 9, 21, 31, 2, 0, 25, 46, 48, 59, 64, 18, 27] , 0.5254106308241646
[28, 44, 49, 74, 54, 68, 73, 70, 60, 94, 57, 1, 43, 53, 10, 71, 42, 56, 33, 39, 75, 76, 89, 77, 8, 55, 69, 11, 17, 72, 85, 78, 79, 91, 100, 101, 67, 80, 82, 83, 84, 86, 93, 98, 87, 90, 92, 95, 96, 97, 99, 102, 103, 63, 104, 105, 106, 81, 13, 40, 51, 29, 12, 88, 65, 66, 5, 61, 20, 15, 23, 7, 52, 34, 26, 14, 6, 58, 50, 37, 4, 19, 22, 3, 35, 62, 47, 45, 41, 32, 9, 21, 31, 2, 0, 25, 46, 48, 59, 64, 18, 27, 24] , 0.5199460040061544
[28, 44, 49, 74, 54, 68, 73, 70, 60, 94, 57, 1, 43, 53, 10, 71, 42, 56, 33, 39, 75, 76, 89, 77, 8, 55, 69, 11, 17, 72, 85, 78, 79, 91, 100, 101, 67, 80, 82, 83, 84, 86, 93, 98, 87, 90, 92, 95, 96, 97, 99, 102, 103, 63, 104, 105, 106, 81, 13, 40, 51, 29, 12, 88, 65, 66, 5, 61, 20, 15, 23, 7, 52, 34, 26, 14, 6, 58, 50, 37, 4, 19, 22, 3, 35, 62, 47, 45, 41, 32, 9, 21, 31, 2, 0, 25, 46, 48, 59, 64, 18, 27, 24, 16] , 0.5195030046157866
[28, 44, 49, 74, 54, 68, 73, 70, 60, 94, 57, 1, 43, 53, 10, 71, 42, 56, 33, 39, 75, 76, 89, 77, 8, 55, 69, 11, 17, 72, 85, 78, 79, 91, 100, 101, 67, 80, 82, 83, 84, 86, 93, 98, 87, 90, 92, 95, 96, 97, 99, 102, 103, 63, 104, 105, 106, 81, 13, 40, 51, 29, 12, 88, 65, 66, 5, 61, 20, 15, 23, 7, 52, 34, 26, 14, 6, 58, 50, 37, 4, 19, 22, 3, 35, 62, 47, 45, 41, 32, 9, 21, 31, 2, 0, 25, 46, 48, 59, 64, 18, 27, 24, 16, 36] , 0.5302302087264493
[28, 44, 49, 74, 54, 68, 73, 70, 60, 94, 57, 1, 43, 53, 10, 71, 42, 56, 33, 39, 75, 76, 89, 77, 8, 55, 69, 11, 17, 72, 85, 78, 79, 91, 100, 101, 67, 80, 82, 83, 84, 86, 93, 98, 87, 90, 92, 95, 96, 97, 99, 102, 103, 63, 104, 105, 106, 81, 13, 40, 51, 29, 12, 88, 65, 66, 5, 61, 20, 15, 23, 7, 52, 34, 26, 14, 6, 58, 50, 37, 4, 19, 22, 3, 35, 62, 47, 45, 41, 32, 9, 21, 31, 2, 0, 25, 46, 48, 59, 64, 18, 27, 24, 16, 36, 30] , 0.5194681684907249
[28, 44, 49, 74, 54, 68, 73, 70, 60, 94, 57, 1, 43, 53, 10, 71, 42, 56, 33, 39, 75, 76, 89, 77, 8, 55, 69, 11, 17, 72, 85, 78, 79, 91, 100, 101, 67, 80, 82, 83, 84, 86, 93, 98, 87, 90, 92, 95, 96, 97, 99, 102, 103, 63, 104, 105, 106, 81, 13, 40, 51, 29, 12, 88, 65, 66, 5, 61, 20, 15, 23, 7, 52, 34, 26, 14, 6, 58, 50, 37, 4, 19, 22, 3, 35, 62, 47, 45, 41, 32, 9, 21, 31, 2, 0, 25, 46, 48, 59, 64, 18, 27, 24, 16, 36, 30, 38] , 0.520570151246843
