[28] , 0.5786042325891949
[28, 94] , 0.6276256277760037
[28, 94, 55] , 0.6416309112549714
[28, 94, 55, 63] , 0.6341539176125642
[28, 94, 55, 63, 52] , 0.6229593288239905
[28, 94, 55, 63, 52, 49] , 0.6240334426800592
[28, 94, 55, 63, 52, 49, 69] , 0.635820826196766
[28, 94, 55, 63, 52, 49, 69, 72] , 0.625721252939298
[28, 94, 55, 63, 52, 49, 69, 72, 73] , 0.630547798066595
[28, 94, 55, 63, 52, 49, 69, 72, 73, 85] , 0.6305512816791011
[28, 94, 55, 63, 52, 49, 69, 72, 73, 85, 91] , 0.6300142247510669
[28, 94, 55, 63, 52, 49, 69, 72, 73, 85, 91, 100] , 0.6300142247510669
[28, 94, 55, 63, 52, 49, 69, 72, 73, 85, 91, 100, 75] , 0.6294980694980695
[28, 94, 55, 63, 52, 49, 69, 72, 73, 85, 91, 100, 75, 76] , 0.6230080993990768
[28, 94, 55, 63, 52, 49, 69, 72, 73, 85, 91, 100, 75, 76, 77] , 0.6230046157865706
[28, 94, 55, 63, 52, 49, 69, 72, 73, 85, 91, 100, 75, 76, 77, 7] , 0.6223142799082648
[28, 94, 55, 63, 52, 49, 69, 72, 73, 85, 91, 100, 75, 76, 77, 7, 78] , 0.6228513368362992
[28, 94, 55, 63, 52, 49, 69, 72, 73, 85, 91, 100, 75, 76, 77, 7, 78, 79] , 0.6228513368362992
[28, 94, 55, 63, 52, 49, 69, 72, 73, 85, 91, 100, 75, 76, 77, 7, 78, 79, 83] , 0.6228513368362992
[28, 94, 55, 63, 52, 49, 69, 72, 73, 85, 91, 100, 75, 76, 77, 7, 78, 79, 83, 84] , 0.6228513368362992
[28, 94, 55, 63, 52, 49, 69, 72, 73, 85, 91, 100, 75, 76, 77, 7, 78, 79, 83, 84, 86] , 0.6228513368362992
[28, 94, 55, 63, 52, 49, 69, 72, 73, 85, 91, 100, 75, 76, 77, 7, 78, 79, 83, 84, 86, 87] , 0.6228513368362992
[28, 94, 55, 63, 52, 49, 69, 72, 73, 85, 91, 100, 75, 76, 77, 7, 78, 79, 83, 84, 86, 87, 90] , 0.6228513368362992
[28, 94, 55, 63, 52, 49, 69, 72, 73, 85, 91, 100, 75, 76, 77, 7, 78, 79, 83, 84, 86, 87, 90, 92] , 0.6228513368362992
[28, 94, 55, 63, 52, 49, 69, 72, 73, 85, 91, 100, 75, 76, 77, 7, 78, 79, 83, 84, 86, 87, 90, 92, 95] , 0.6228513368362992
[28, 94, 55, 63, 52, 49, 69, 72, 73, 85, 91, 100, 75, 76, 77, 7, 78, 79, 83, 84, 86, 87, 90, 92, 95, 96] , 0.6228513368362992
[28, 94, 55, 63, 52, 49, 69, 72, 73, 85, 91, 100, 75, 76, 77, 7, 78, 79, 83, 84, 86, 87, 90, 92, 95, 96, 97] , 0.6228513368362992
[28, 94, 55, 63, 52, 49, 69, 72, 73, 85, 91, 100, 75, 76, 77, 7, 78, 79, 83, 84, 86, 87, 90, 92, 95, 96, 97, 99] , 0.6228513368362992
[28, 94, 55, 63, 52, 49, 69, 72, 73, 85, 91, 100, 75, 76, 77, 7, 78, 79, 83, 84, 86, 87, 90, 92, 95, 96, 97, 99, 102] , 0.6228513368362992
[28, 94, 55, 63, 52, 49, 69, 72, 73, 85, 91, 100, 75, 76, 77, 7, 78, 79, 83, 84, 86, 87, 90, 92, 95, 96, 97, 99, 102, 103] , 0.6228513368362992
[28, 94, 55, 63, 52, 49, 69, 72, 73, 85, 91, 100, 75, 76, 77, 7, 78, 79, 83, 84, 86, 87, 90, 92, 95, 96, 97, 99, 102, 103, 104] , 0.6228513368362992
[28, 94, 55, 63, 52, 49, 69, 72, 73, 85, 91, 100, 75, 76, 77, 7, 78, 79, 83, 84, 86, 87, 90, 92, 95, 96, 97, 99, 102, 103, 104, 105] , 0.6228513368362992
[28, 94, 55, 63, 52, 49, 69, 72, 73, 85, 91, 100, 75, 76, 77, 7, 78, 79, 83, 84, 86, 87, 90, 92, 95, 96, 97, 99, 102, 103, 104, 105, 106] , 0.6228513368362992
[28, 94, 55, 63, 52, 49, 69, 72, 73, 85, 91, 100, 75, 76, 77, 7, 78, 79, 83, 84, 86, 87, 90, 92, 95, 96, 97, 99, 102, 103, 104, 105, 106, 39] , 0.6223073126832526
[28, 94, 55, 63, 52, 49, 69, 72, 73, 85, 91, 100, 75, 76, 77, 7, 78, 79, 83, 84, 86, 87, 90, 92, 95, 96, 97, 99, 102, 103, 104, 105, 106, 39, 44] , 0.6276221441634976
[28, 94, 55, 63, 52, 49, 69, 72, 73, 85, 91, 100, 75, 76, 77, 7, 78, 79, 83, 84, 86, 87, 90, 92, 95, 96, 97, 99, 102, 103, 104, 105, 106, 39, 44, 43] , 0.6196255116555869
[28, 94, 55, 63, 52, 49, 69, 72, 73, 85, 91, 100, 75, 76, 77, 7, 78, 79, 83, 84, 86, 87, 90, 92, 95, 96, 97, 99, 102, 103, 104, 105, 106, 39, 44, 43, 56] , 0.6218120591052921
[28, 94, 55, 63, 52, 49, 69, 72, 73, 85, 91, 100, 75, 76, 77, 7, 78, 79, 83, 84, 86, 87, 90, 92, 95, 96, 97, 99, 102, 103, 104, 105, 106, 39, 44, 43, 56, 70] , 0.6222794437832032
[28, 94, 55, 63, 52, 49, 69, 72, 73, 85, 91, 100, 75, 76, 77, 7, 78, 79, 83, 84, 86, 87, 90, 92, 95, 96, 97, 99, 102, 103, 104, 105, 106, 39, 44, 43, 56, 70, 27] , 0.6142166226376753
[28, 94, 55, 63, 52, 49, 69, 72, 73, 85, 91, 100, 75, 76, 77, 7, 78, 79, 83, 84, 86, 87, 90, 92, 95, 96, 97, 99, 102, 103, 104, 105, 106, 39, 44, 43, 56, 70, 27, 54] , 0.6179864719714343
[28, 94, 55, 63, 52, 49, 69, 72, 73, 85, 91, 100, 75, 76, 77, 7, 78, 79, 83, 84, 86, 87, 90, 92, 95, 96, 97, 99, 102, 103, 104, 105, 106, 39, 44, 43, 56, 70, 27, 54, 10] , 0.6163892356373559
[28, 94, 55, 63, 52, 49, 69, 72, 73, 85, 91, 100, 75, 76, 77, 7, 78, 79, 83, 84, 86, 87, 90, 92, 95, 96, 97, 99, 102, 103, 104, 105, 106, 39, 44, 43, 56, 70, 27, 54, 10, 33] , 0.6147850320782651
[28, 94, 55, 63, 52, 49, 69, 72, 73, 85, 91, 100, 75, 76, 77, 7, 78, 79, 83, 84, 86, 87, 90, 92, 95, 96, 97, 99, 102, 103, 104, 105, 106, 39, 44, 43, 56, 70, 27, 54, 10, 33, 61] , 0.6174145789183384
[28, 94, 55, 63, 52, 49, 69, 72, 73, 85, 91, 100, 75, 76, 77, 7, 78, 79, 83, 84, 86, 87, 90, 92, 95, 96, 97, 99, 102, 103, 104, 105, 106, 39, 44, 43, 56, 70, 27, 54, 10, 33, 61, 71] , 0.6109629285569135
[28, 94, 55, 63, 52, 49, 69, 72, 73, 85, 91, 100, 75, 76, 77, 7, 78, 79, 83, 84, 86, 87, 90, 92, 95, 96, 97, 99, 102, 103, 104, 105, 106, 39, 44, 43, 56, 70, 27, 54, 10, 33, 61, 71, 80] , 0.6109629285569135
[28, 94, 55, 63, 52, 49, 69, 72, 73, 85, 91, 100, 75, 76, 77, 7, 78, 79, 83, 84, 86, 87, 90, 92, 95, 96, 97, 99, 102, 103, 104, 105, 106, 39, 44, 43, 56, 70, 27, 54, 10, 33, 61, 71, 80, 82] , 0.6109629285569135
[28, 94, 55, 63, 52, 49, 69, 72, 73, 85, 91, 100, 75, 76, 77, 7, 78, 79, 83, 84, 86, 87, 90, 92, 95, 96, 97, 99, 102, 103, 104, 105, 106, 39, 44, 43, 56, 70, 27, 54, 10, 33, 61, 71, 80, 82, 93] , 0.6109629285569135
[28, 94, 55, 63, 52, 49, 69, 72, 73, 85, 91, 100, 75, 76, 77, 7, 78, 79, 83, 84, 86, 87, 90, 92, 95, 96, 97, 99, 102, 103, 104, 105, 106, 39, 44, 43, 56, 70, 27, 54, 10, 33, 61, 71, 80, 82, 93, 98] , 0.6109629285569135
[28, 94, 55, 63, 52, 49, 69, 72, 73, 85, 91, 100, 75, 76, 77, 7, 78, 79, 83, 84, 86, 87, 90, 92, 95, 96, 97, 99, 102, 103, 104, 105, 106, 39, 44, 43, 56, 70, 27, 54, 10, 33, 61, 71, 80, 82, 93, 98, 81] , 0.6088704386448748
[28, 94, 55, 63, 52, 49, 69, 72, 73, 85, 91, 100, 75, 76, 77, 7, 78, 79, 83, 84, 86, 87, 90, 92, 95, 96, 97, 99, 102, 103, 104, 105, 106, 39, 44, 43, 56, 70, 27, 54, 10, 33, 61, 71, 80, 82, 93, 98, 81, 88] , 0.607796324788806
[28, 94, 55, 63, 52, 49, 69, 72, 73, 85, 91, 100, 75, 76, 77, 7, 78, 79, 83, 84, 86, 87, 90, 92, 95, 96, 97, 99, 102, 103, 104, 105, 106, 39, 44, 43, 56, 70, 27, 54, 10, 33, 61, 71, 80, 82, 93, 98, 81, 88, 40] , 0.6077719395012627
[28, 94, 55, 63, 52, 49, 69, 72, 73, 85, 91, 100, 75, 76, 77, 7, 78, 79, 83, 84, 86, 87, 90, 92, 95, 96, 97, 99, 102, 103, 104, 105, 106, 39, 44, 43, 56, 70, 27, 54, 10, 33, 61, 71, 80, 82, 93, 98, 81, 88, 40, 26] , 0.6045461143205504
[28, 94, 55, 63, 52, 49, 69, 72, 73, 85, 91, 100, 75, 76, 77, 7, 78, 79, 83, 84, 86, 87, 90, 92, 95, 96, 97, 99, 102, 103, 104, 105, 106, 39, 44, 43, 56, 70, 27, 54, 10, 33, 61, 71, 80, 82, 93, 98, 81, 88, 40, 26, 22] , 0.6050866548610909
[28, 94, 55, 63, 52, 49, 69, 72, 73, 85, 91, 100, 75, 76, 77, 7, 78, 79, 83, 84, 86, 87, 90, 92, 95, 96, 97, 99, 102, 103, 104, 105, 106, 39, 44, 43, 56, 70, 27, 54, 10, 33, 61, 71, 80, 82, 93, 98, 81, 88, 40, 26, 22, 13] , 0.6045844340581183
[28, 94, 55, 63, 52, 49, 69, 72, 73, 85, 91, 100, 75, 76, 77, 7, 78, 79, 83, 84, 86, 87, 90, 92, 95, 96, 97, 99, 102, 103, 104, 105, 106, 39, 44, 43, 56, 70, 27, 54, 10, 33, 61, 71, 80, 82, 93, 98, 81, 88, 40, 26, 22, 13, 6] , 0.6045914012831306
[28, 94, 55, 63, 52, 49, 69, 72, 73, 85, 91, 100, 75, 76, 77, 7, 78, 79, 83, 84, 86, 87, 90, 92, 95, 96, 97, 99, 102, 103, 104, 105, 106, 39, 44, 43, 56, 70, 27, 54, 10, 33, 61, 71, 80, 82, 93, 98, 81, 88, 40, 26, 22, 13, 6, 25] , 0.608894823932418
[28, 94, 55, 63, 52, 49, 69, 72, 73, 85, 91, 100, 75, 76, 77, 7, 78, 79, 83, 84, 86, 87, 90, 92, 95, 96, 97, 99, 102, 103, 104, 105, 106, 39, 44, 43, 56, 70, 27, 54, 10, 33, 61, 71, 80, 82, 93, 98, 81, 88, 40, 26, 22, 13, 6, 25, 32] , 0.608364734229396
[28, 94, 55, 63, 52, 49, 69, 72, 73, 85, 91, 100, 75, 76, 77, 7, 78, 79, 83, 84, 86, 87, 90, 92, 95, 96, 97, 99, 102, 103, 104, 105, 106, 39, 44, 43, 56, 70, 27, 54, 10, 33, 61, 71, 80, 82, 93, 98, 81, 88, 40, 26, 22, 13, 6, 25, 32, 15] , 0.6089017911574303
[28, 94, 55, 63, 52, 49, 69, 72, 73, 85, 91, 100, 75, 76, 77, 7, 78, 79, 83, 84, 86, 87, 90, 92, 95, 96, 97, 99, 102, 103, 104, 105, 106, 39, 44, 43, 56, 70, 27, 54, 10, 33, 61, 71, 80, 82, 93, 98, 81, 88, 40, 26, 22, 13, 6, 25, 32, 15, 3] , 0.6104990274915086
[28, 94, 55, 63, 52, 49, 69, 72, 73, 85, 91, 100, 75, 76, 77, 7, 78, 79, 83, 84, 86, 87, 90, 92, 95, 96, 97, 99, 102, 103, 104, 105, 106, 39, 44, 43, 56, 70, 27, 54, 10, 33, 61, 71, 80, 82, 93, 98, 81, 88, 40, 26, 22, 13, 6, 25, 32, 15, 3, 19] , 0.6089017911574303
[28, 94, 55, 63, 52, 49, 69, 72, 73, 85, 91, 100, 75, 76, 77, 7, 78, 79, 83, 84, 86, 87, 90, 92, 95, 96, 97, 99, 102, 103, 104, 105, 106, 39, 44, 43, 56, 70, 27, 54, 10, 33, 61, 71, 80, 82, 93, 98, 81, 88, 40, 26, 22, 13, 6, 25, 32, 15, 3, 19, 0] , 0.6067500798327866
[28, 94, 55, 63, 52, 49, 69, 72, 73, 85, 91, 100, 75, 76, 77, 7, 78, 79, 83, 84, 86, 87, 90, 92, 95, 96, 97, 99, 102, 103, 104, 105, 106, 39, 44, 43, 56, 70, 27, 54, 10, 33, 61, 71, 80, 82, 93, 98, 81, 88, 40, 26, 22, 13, 6, 25, 32, 15, 3, 19, 0, 4] , 0.6072906203733272
[28, 94, 55, 63, 52, 49, 69, 72, 73, 85, 91, 100, 75, 76, 77, 7, 78, 79, 83, 84, 86, 87, 90, 92, 95, 96, 97, 99, 102, 103, 104, 105, 106, 39, 44, 43, 56, 70, 27, 54, 10, 33, 61, 71, 80, 82, 93, 98, 81, 88, 40, 26, 22, 13, 6, 25, 32, 15, 3, 19, 0, 4, 74] , 0.6051249745986589
[28, 94, 55, 63, 52, 49, 69, 72, 73, 85, 91, 100, 75, 76, 77, 7, 78, 79, 83, 84, 86, 87, 90, 92, 95, 96, 97, 99, 102, 103, 104, 105, 106, 39, 44, 43, 56, 70, 27, 54, 10, 33, 61, 71, 80, 82, 93, 98, 81, 88, 40, 26, 22, 13, 6, 25, 32, 15, 3, 19, 0, 4, 74, 89] , 0.6051249745986589
[28, 94, 55, 63, 52, 49, 69, 72, 73, 85, 91, 100, 75, 76, 77, 7, 78, 79, 83, 84, 86, 87, 90, 92, 95, 96, 97, 99, 102, 103, 104, 105, 106, 39, 44, 43, 56, 70, 27, 54, 10, 33, 61, 71, 80, 82, 93, 98, 81, 88, 40, 26, 22, 13, 6, 25, 32, 15, 3, 19, 0, 4, 74, 89, 101] , 0.6051249745986589
[28, 94, 55, 63, 52, 49, 69, 72, 73, 85, 91, 100, 75, 76, 77, 7, 78, 79, 83, 84, 86, 87, 90, 92, 95, 96, 97, 99, 102, 103, 104, 105, 106, 39, 44, 43, 56, 70, 27, 54, 10, 33, 61, 71, 80, 82, 93, 98, 81, 88, 40, 26, 22, 13, 6, 25, 32, 15, 3, 19, 0, 4, 74, 89, 101, 67] , 0.6024327227334747
[28, 94, 55, 63, 52, 49, 69, 72, 73, 85, 91, 100, 75, 76, 77, 7, 78, 79, 83, 84, 86, 87, 90, 92, 95, 96, 97, 99, 102, 103, 104, 105, 106, 39, 44, 43, 56, 70, 27, 54, 10, 33, 61, 71, 80, 82, 93, 98, 81, 88, 40, 26, 22, 13, 6, 25, 32, 15, 3, 19, 0, 4, 74, 89, 101, 67, 37] , 0.6002705605713125
[28, 94, 55, 63, 52, 49, 69, 72, 73, 85, 91, 100, 75, 76, 77, 7, 78, 79, 83, 84, 86, 87, 90, 92, 95, 96, 97, 99, 102, 103, 104, 105, 106, 39, 44, 43, 56, 70, 27, 54, 10, 33, 61, 71, 80, 82, 93, 98, 81, 88, 40, 26, 22, 13, 6, 25, 32, 15, 3, 19, 0, 4, 74, 89, 101, 67, 37, 20] , 0.5965076784625657
[28, 94, 55, 63, 52, 49, 69, 72, 73, 85, 91, 100, 75, 76, 77, 7, 78, 79, 83, 84, 86, 87, 90, 92, 95, 96, 97, 99, 102, 103, 104, 105, 106, 39, 44, 43, 56, 70, 27, 54, 10, 33, 61, 71, 80, 82, 93, 98, 81, 88, 40, 26, 22, 13, 6, 25, 32, 15, 3, 19, 0, 4, 74, 89, 101, 67, 37, 20, 17] , 0.592727378291288
[28, 94, 55, 63, 52, 49, 69, 72, 73, 85, 91, 100, 75, 76, 77, 7, 78, 79, 83, 84, 86, 87, 90, 92, 95, 96, 97, 99, 102, 103, 104, 105, 106, 39, 44, 43, 56, 70, 27, 54, 10, 33, 61, 71, 80, 82, 93, 98, 81, 88, 40, 26, 22, 13, 6, 25, 32, 15, 3, 19, 0, 4, 74, 89, 101, 67, 37, 20, 17, 53] , 0.5889470781200105
[28, 94, 55, 63, 52, 49, 69, 72, 73, 85, 91, 100, 75, 76, 77, 7, 78, 79, 83, 84, 86, 87, 90, 92, 95, 96, 97, 99, 102, 103, 104, 105, 106, 39, 44, 43, 56, 70, 27, 54, 10, 33, 61, 71, 80, 82, 93, 98, 81, 88, 40, 26, 22, 13, 6, 25, 32, 15, 3, 19, 0, 4, 74, 89, 101, 67, 37, 20, 17, 53, 29] , 0.5862478590298139
[28, 94, 55, 63, 52, 49, 69, 72, 73, 85, 91, 100, 75, 76, 77, 7, 78, 79, 83, 84, 86, 87, 90, 92, 95, 96, 97, 99, 102, 103, 104, 105, 106, 39, 44, 43, 56, 70, 27, 54, 10, 33, 61, 71, 80, 82, 93, 98, 81, 88, 40, 26, 22, 13, 6, 25, 32, 15, 3, 19, 0, 4, 74, 89, 101, 67, 37, 20, 17, 53, 29, 8] , 0.5824814933085609
[28, 94, 55, 63, 52, 49, 69, 72, 73, 85, 91, 100, 75, 76, 77, 7, 78, 79, 83, 84, 86, 87, 90, 92, 95, 96, 97, 99, 102, 103, 104, 105, 106, 39, 44, 43, 56, 70, 27, 54, 10, 33, 61, 71, 80, 82, 93, 98, 81, 88, 40, 26, 22, 13, 6, 25, 32, 15, 3, 19, 0, 4, 74, 89, 101, 67, 37, 20, 17, 53, 29, 8, 41] , 0.5808250355618777
[28, 94, 55, 63, 52, 49, 69, 72, 73, 85, 91, 100, 75, 76, 77, 7, 78, 79, 83, 84, 86, 87, 90, 92, 95, 96, 97, 99, 102, 103, 104, 105, 106, 39, 44, 43, 56, 70, 27, 54, 10, 33, 61, 71, 80, 82, 93, 98, 81, 88, 40, 26, 22, 13, 6, 25, 32, 15, 3, 19, 0, 4, 74, 89, 101, 67, 37, 20, 17, 53, 29, 8, 41, 34] , 0.5932330827067669
[28, 94, 55, 63, 52, 49, 69, 72, 73, 85, 91, 100, 75, 76, 77, 7, 78, 79, 83, 84, 86, 87, 90, 92, 95, 96, 97, 99, 102, 103, 104, 105, 106, 39, 44, 43, 56, 70, 27, 54, 10, 33, 61, 71, 80, 82, 93, 98, 81, 88, 40, 26, 22, 13, 6, 25, 32, 15, 3, 19, 0, 4, 74, 89, 101, 67, 37, 20, 17, 53, 29, 8, 41, 34, 35] , 0.5964763259500102
[28, 94, 55, 63, 52, 49, 69, 72, 73, 85, 91, 100, 75, 76, 77, 7, 78, 79, 83, 84, 86, 87, 90, 92, 95, 96, 97, 99, 102, 103, 104, 105, 106, 39, 44, 43, 56, 70, 27, 54, 10, 33, 61, 71, 80, 82, 93, 98, 81, 88, 40, 26, 22, 13, 6, 25, 32, 15, 3, 19, 0, 4, 74, 89, 101, 67, 37, 20, 17, 53, 29, 8, 41, 34, 35, 23] , 0.5980944639591257
[28, 94, 55, 63, 52, 49, 69, 72, 73, 85, 91, 100, 75, 76, 77, 7, 78, 79, 83, 84, 86, 87, 90, 92, 95, 96, 97, 99, 102, 103, 104, 105, 106, 39, 44, 43, 56, 70, 27, 54, 10, 33, 61, 71, 80, 82, 93, 98, 81, 88, 40, 26, 22, 13, 6, 25, 32, 15, 3, 19, 0, 4, 74, 89, 101, 67, 37, 20, 17, 53, 29, 8, 41, 34, 35, 23, 2] , 0.5975504398060789
[28, 94, 55, 63, 52, 49, 69, 72, 73, 85, 91, 100, 75, 76, 77, 7, 78, 79, 83, 84, 86, 87, 90, 92, 95, 96, 97, 99, 102, 103, 104, 105, 106, 39, 44, 43, 56, 70, 27, 54, 10, 33, 61, 71, 80, 82, 93, 98, 81, 88, 40, 26, 22, 13, 6, 25, 32, 15, 3, 19, 0, 4, 74, 89, 101, 67, 37, 20, 17, 53, 29, 8, 41, 34, 35, 23, 2, 12] , 0.5970133828780446
[28, 94, 55, 63, 52, 49, 69, 72, 73, 85, 91, 100, 75, 76, 77, 7, 78, 79, 83, 84, 86, 87, 90, 92, 95, 96, 97, 99, 102, 103, 104, 105, 106, 39, 44, 43, 56, 70, 27, 54, 10, 33, 61, 71, 80, 82, 93, 98, 81, 88, 40, 26, 22, 13, 6, 25, 32, 15, 3, 19, 0, 4, 74, 89, 101, 67, 37, 20, 17, 53, 29, 8, 41, 34, 35, 23, 2, 12, 57] , 0.5975434725810665
[28, 94, 55, 63, 52, 49, 69, 72, 73, 85, 91, 100, 75, 76, 77, 7, 78, 79, 83, 84, 86, 87, 90, 92, 95, 96, 97, 99, 102, 103, 104, 105, 106, 39, 44, 43, 56, 70, 27, 54, 10, 33, 61, 71, 80, 82, 93, 98, 81, 88, 40, 26, 22, 13, 6, 25, 32, 15, 3, 19, 0, 4, 74, 89, 101, 67, 37, 20, 17, 53, 29, 8, 41, 34, 35, 23, 2, 12, 57, 5] , 0.5942967457253171
[28, 94, 55, 63, 52, 49, 69, 72, 73, 85, 91, 100, 75, 76, 77, 7, 78, 79, 83, 84, 86, 87, 90, 92, 95, 96, 97, 99, 102, 103, 104, 105, 106, 39, 44, 43, 56, 70, 27, 54, 10, 33, 61, 71, 80, 82, 93, 98, 81, 88, 40, 26, 22, 13, 6, 25, 32, 15, 3, 19, 0, 4, 74, 89, 101, 67, 37, 20, 17, 53, 29, 8, 41, 34, 35, 23, 2, 12, 57, 5, 1] , 0.5926716404911894
[28, 94, 55, 63, 52, 49, 69, 72, 73, 85, 91, 100, 75, 76, 77, 7, 78, 79, 83, 84, 86, 87, 90, 92, 95, 96, 97, 99, 102, 103, 104, 105, 106, 39, 44, 43, 56, 70, 27, 54, 10, 33, 61, 71, 80, 82, 93, 98, 81, 88, 40, 26, 22, 13, 6, 25, 32, 15, 3, 19, 0, 4, 74, 89, 101, 67, 37, 20, 17, 53, 29, 8, 41, 34, 35, 23, 2, 12, 57, 5, 1, 30] , 0.5953499579063488
[28, 94, 55, 63, 52, 49, 69, 72, 73, 85, 91, 100, 75, 76, 77, 7, 78, 79, 83, 84, 86, 87, 90, 92, 95, 96, 97, 99, 102, 103, 104, 105, 106, 39, 44, 43, 56, 70, 27, 54, 10, 33, 61, 71, 80, 82, 93, 98, 81, 88, 40, 26, 22, 13, 6, 25, 32, 15, 3, 19, 0, 4, 74, 89, 101, 67, 37, 20, 17, 53, 29, 8, 41, 34, 35, 23, 2, 12, 57, 5, 1, 30, 21] , 0.5937248526722211
[28, 94, 55, 63, 52, 49, 69, 72, 73, 85, 91, 100, 75, 76, 77, 7, 78, 79, 83, 84, 86, 87, 90, 92, 95, 96, 97, 99, 102, 103, 104, 105, 106, 39, 44, 43, 56, 70, 27, 54, 10, 33, 61, 71, 80, 82, 93, 98, 81, 88, 40, 26, 22, 13, 6, 25, 32, 15, 3, 19, 0, 4, 74, 89, 101, 67, 37, 20, 17, 53, 29, 8, 41, 34, 35, 23, 2, 12, 57, 5, 1, 30, 21, 16] , 0.5942653932127616
[28, 94, 55, 63, 52, 49, 69, 72, 73, 85, 91, 100, 75, 76, 77, 7, 78, 79, 83, 84, 86, 87, 90, 92, 95, 96, 97, 99, 102, 103, 104, 105, 106, 39, 44, 43, 56, 70, 27, 54, 10, 33, 61, 71, 80, 82, 93, 98, 81, 88, 40, 26, 22, 13, 6, 25, 32, 15, 3, 19, 0, 4, 74, 89, 101, 67, 37, 20, 17, 53, 29, 8, 41, 34, 35, 23, 2, 12, 57, 5, 1, 30, 21, 16, 24] , 0.5921101982756118
[28, 94, 55, 63, 52, 49, 69, 72, 73, 85, 91, 100, 75, 76, 77, 7, 78, 79, 83, 84, 86, 87, 90, 92, 95, 96, 97, 99, 102, 103, 104, 105, 106, 39, 44, 43, 56, 70, 27, 54, 10, 33, 61, 71, 80, 82, 93, 98, 81, 88, 40, 26, 22, 13, 6, 25, 32, 15, 3, 19, 0, 4, 74, 89, 101, 67, 37, 20, 17, 53, 29, 8, 41, 34, 35, 23, 2, 12, 57, 5, 1, 30, 21, 16, 24, 14] , 0.5872592678607716
[28, 94, 55, 63, 52, 49, 69, 72, 73, 85, 91, 100, 75, 76, 77, 7, 78, 79, 83, 84, 86, 87, 90, 92, 95, 96, 97, 99, 102, 103, 104, 105, 106, 39, 44, 43, 56, 70, 27, 54, 10, 33, 61, 71, 80, 82, 93, 98, 81, 88, 40, 26, 22, 13, 6, 25, 32, 15, 3, 19, 0, 4, 74, 89, 101, 67, 37, 20, 17, 53, 29, 8, 41, 34, 35, 23, 2, 12, 57, 5, 1, 30, 21, 16, 24, 14, 38] , 0.5872383661857346
[28, 94, 55, 63, 52, 49, 69, 72, 73, 85, 91, 100, 75, 76, 77, 7, 78, 79, 83, 84, 86, 87, 90, 92, 95, 96, 97, 99, 102, 103, 104, 105, 106, 39, 44, 43, 56, 70, 27, 54, 10, 33, 61, 71, 80, 82, 93, 98, 81, 88, 40, 26, 22, 13, 6, 25, 32, 15, 3, 19, 0, 4, 74, 89, 101, 67, 37, 20, 17, 53, 29, 8, 41, 34, 35, 23, 2, 12, 57, 5, 1, 30, 21, 16, 24, 14, 38, 31] , 0.586188637617209
[28, 94, 55, 63, 52, 49, 69, 72, 73, 85, 91, 100, 75, 76, 77, 7, 78, 79, 83, 84, 86, 87, 90, 92, 95, 96, 97, 99, 102, 103, 104, 105, 106, 39, 44, 43, 56, 70, 27, 54, 10, 33, 61, 71, 80, 82, 93, 98, 81, 88, 40, 26, 22, 13, 6, 25, 32, 15, 3, 19, 0, 4, 74, 89, 101, 67, 37, 20, 17, 53, 29, 8, 41, 34, 35, 23, 2, 12, 57, 5, 1, 30, 21, 16, 24, 14, 38, 31, 46] , 0.5846227537956862
[28, 94, 55, 63, 52, 49, 69, 72, 73, 85, 91, 100, 75, 76, 77, 7, 78, 79, 83, 84, 86, 87, 90, 92, 95, 96, 97, 99, 102, 103, 104, 105, 106, 39, 44, 43, 56, 70, 27, 54, 10, 33, 61, 71, 80, 82, 93, 98, 81, 88, 40, 26, 22, 13, 6, 25, 32, 15, 3, 19, 0, 4, 74, 89, 101, 67, 37, 20, 17, 53, 29, 8, 41, 34, 35, 23, 2, 12, 57, 5, 1, 30, 21, 16, 24, 14, 38, 31, 46, 36] , 0.5916358463726885
[28, 94, 55, 63, 52, 49, 69, 72, 73, 85, 91, 100, 75, 76, 77, 7, 78, 79, 83, 84, 86, 87, 90, 92, 95, 96, 97, 99, 102, 103, 104, 105, 106, 39, 44, 43, 56, 70, 27, 54, 10, 33, 61, 71, 80, 82, 93, 98, 81, 88, 40, 26, 22, 13, 6, 25, 32, 15, 3, 19, 0, 4, 74, 89, 101, 67, 37, 20, 17, 53, 29, 8, 41, 34, 35, 23, 2, 12, 57, 5, 1, 30, 21, 16, 24, 14, 38, 31, 46, 36, 65] , 0.5943385490753912
[28, 94, 55, 63, 52, 49, 69, 72, 73, 85, 91, 100, 75, 76, 77, 7, 78, 79, 83, 84, 86, 87, 90, 92, 95, 96, 97, 99, 102, 103, 104, 105, 106, 39, 44, 43, 56, 70, 27, 54, 10, 33, 61, 71, 80, 82, 93, 98, 81, 88, 40, 26, 22, 13, 6, 25, 32, 15, 3, 19, 0, 4, 74, 89, 101, 67, 37, 20, 17, 53, 29, 8, 41, 34, 35, 23, 2, 12, 57, 5, 1, 30, 21, 16, 24, 14, 38, 31, 46, 36, 65, 18] , 0.5916288791476761
[28, 94, 55, 63, 52, 49, 69, 72, 73, 85, 91, 100, 75, 76, 77, 7, 78, 79, 83, 84, 86, 87, 90, 92, 95, 96, 97, 99, 102, 103, 104, 105, 106, 39, 44, 43, 56, 70, 27, 54, 10, 33, 61, 71, 80, 82, 93, 98, 81, 88, 40, 26, 22, 13, 6, 25, 32, 15, 3, 19, 0, 4, 74, 89, 101, 67, 37, 20, 17, 53, 29, 8, 41, 34, 35, 23, 2, 12, 57, 5, 1, 30, 21, 16, 24, 14, 38, 31, 46, 36, 65, 18, 47] , 0.5916428135977008
[28, 94, 55, 63, 52, 49, 69, 72, 73, 85, 91, 100, 75, 76, 77, 7, 78, 79, 83, 84, 86, 87, 90, 92, 95, 96, 97, 99, 102, 103, 104, 105, 106, 39, 44, 43, 56, 70, 27, 54, 10, 33, 61, 71, 80, 82, 93, 98, 81, 88, 40, 26, 22, 13, 6, 25, 32, 15, 3, 19, 0, 4, 74, 89, 101, 67, 37, 20, 17, 53, 29, 8, 41, 34, 35, 23, 2, 12, 57, 5, 1, 30, 21, 16, 24, 14, 38, 31, 46, 36, 65, 18, 47, 68] , 0.5797996922808953
[28, 94, 55, 63, 52, 49, 69, 72, 73, 85, 91, 100, 75, 76, 77, 7, 78, 79, 83, 84, 86, 87, 90, 92, 95, 96, 97, 99, 102, 103, 104, 105, 106, 39, 44, 43, 56, 70, 27, 54, 10, 33, 61, 71, 80, 82, 93, 98, 81, 88, 40, 26, 22, 13, 6, 25, 32, 15, 3, 19, 0, 4, 74, 89, 101, 67, 37, 20, 17, 53, 29, 8, 41, 34, 35, 23, 2, 12, 57, 5, 1, 30, 21, 16, 24, 14, 38, 31, 46, 36, 65, 18, 47, 68, 42] , 0.5830185502365953
[28, 94, 55, 63, 52, 49, 69, 72, 73, 85, 91, 100, 75, 76, 77, 7, 78, 79, 83, 84, 86, 87, 90, 92, 95, 96, 97, 99, 102, 103, 104, 105, 106, 39, 44, 43, 56, 70, 27, 54, 10, 33, 61, 71, 80, 82, 93, 98, 81, 88, 40, 26, 22, 13, 6, 25, 32, 15, 3, 19, 0, 4, 74, 89, 101, 67, 37, 20, 17, 53, 29, 8, 41, 34, 35, 23, 2, 12, 57, 5, 1, 30, 21, 16, 24, 14, 38, 31, 46, 36, 65, 18, 47, 68, 42, 9] , 0.5743873196504775
[28, 94, 55, 63, 52, 49, 69, 72, 73, 85, 91, 100, 75, 76, 77, 7, 78, 79, 83, 84, 86, 87, 90, 92, 95, 96, 97, 99, 102, 103, 104, 105, 106, 39, 44, 43, 56, 70, 27, 54, 10, 33, 61, 71, 80, 82, 93, 98, 81, 88, 40, 26, 22, 13, 6, 25, 32, 15, 3, 19, 0, 4, 74, 89, 101, 67, 37, 20, 17, 53, 29, 8, 41, 34, 35, 23, 2, 12, 57, 5, 1, 30, 21, 16, 24, 14, 38, 31, 46, 36, 65, 18, 47, 68, 42, 9, 66] , 0.5690341684326647
[28, 94, 55, 63, 52, 49, 69, 72, 73, 85, 91, 100, 75, 76, 77, 7, 78, 79, 83, 84, 86, 87, 90, 92, 95, 96, 97, 99, 102, 103, 104, 105, 106, 39, 44, 43, 56, 70, 27, 54, 10, 33, 61, 71, 80, 82, 93, 98, 81, 88, 40, 26, 22, 13, 6, 25, 32, 15, 3, 19, 0, 4, 74, 89, 101, 67, 37, 20, 17, 53, 29, 8, 41, 34, 35, 23, 2, 12, 57, 5, 1, 30, 21, 16, 24, 14, 38, 31, 46, 36, 65, 18, 47, 68, 42, 9, 66, 51] , 0.562561616396203
[28, 94, 55, 63, 52, 49, 69, 72, 73, 85, 91, 100, 75, 76, 77, 7, 78, 79, 83, 84, 86, 87, 90, 92, 95, 96, 97, 99, 102, 103, 104, 105, 106, 39, 44, 43, 56, 70, 27, 54, 10, 33, 61, 71, 80, 82, 93, 98, 81, 88, 40, 26, 22, 13, 6, 25, 32, 15, 3, 19, 0, 4, 74, 89, 101, 67, 37, 20, 17, 53, 29, 8, 41, 34, 35, 23, 2, 12, 57, 5, 1, 30, 21, 16, 24, 14, 38, 31, 46, 36, 65, 18, 47, 68, 42, 9, 66, 51, 45] , 0.5603855197840161
[28, 94, 55, 63, 52, 49, 69, 72, 73, 85, 91, 100, 75, 76, 77, 7, 78, 79, 83, 84, 86, 87, 90, 92, 95, 96, 97, 99, 102, 103, 104, 105, 106, 39, 44, 43, 56, 70, 27, 54, 10, 33, 61, 71, 80, 82, 93, 98, 81, 88, 40, 26, 22, 13, 6, 25, 32, 15, 3, 19, 0, 4, 74, 89, 101, 67, 37, 20, 17, 53, 29, 8, 41, 34, 35, 23, 2, 12, 57, 5, 1, 30, 21, 16, 24, 14, 38, 31, 46, 36, 65, 18, 47, 68, 42, 9, 66, 51, 45, 48] , 0.5581571689842366
[28, 94, 55, 63, 52, 49, 69, 72, 73, 85, 91, 100, 75, 76, 77, 7, 78, 79, 83, 84, 86, 87, 90, 92, 95, 96, 97, 99, 102, 103, 104, 105, 106, 39, 44, 43, 56, 70, 27, 54, 10, 33, 61, 71, 80, 82, 93, 98, 81, 88, 40, 26, 22, 13, 6, 25, 32, 15, 3, 19, 0, 4, 74, 89, 101, 67, 37, 20, 17, 53, 29, 8, 41, 34, 35, 23, 2, 12, 57, 5, 1, 30, 21, 16, 24, 14, 38, 31, 46, 36, 65, 18, 47, 68, 42, 9, 66, 51, 45, 48, 59] , 0.5528179522164485
[28, 94, 55, 63, 52, 49, 69, 72, 73, 85, 91, 100, 75, 76, 77, 7, 78, 79, 83, 84, 86, 87, 90, 92, 95, 96, 97, 99, 102, 103, 104, 105, 106, 39, 44, 43, 56, 70, 27, 54, 10, 33, 61, 71, 80, 82, 93, 98, 81, 88, 40, 26, 22, 13, 6, 25, 32, 15, 3, 19, 0, 4, 74, 89, 101, 67, 37, 20, 17, 53, 29, 8, 41, 34, 35, 23, 2, 12, 57, 5, 1, 30, 21, 16, 24, 14, 38, 31, 46, 36, 65, 18, 47, 68, 42, 9, 66, 51, 45, 48, 59, 50] , 0.5539443202601098
[28, 94, 55, 63, 52, 49, 69, 72, 73, 85, 91, 100, 75, 76, 77, 7, 78, 79, 83, 84, 86, 87, 90, 92, 95, 96, 97, 99, 102, 103, 104, 105, 106, 39, 44, 43, 56, 70, 27, 54, 10, 33, 61, 71, 80, 82, 93, 98, 81, 88, 40, 26, 22, 13, 6, 25, 32, 15, 3, 19, 0, 4, 74, 89, 101, 67, 37, 20, 17, 53, 29, 8, 41, 34, 35, 23, 2, 12, 57, 5, 1, 30, 21, 16, 24, 14, 38, 31, 46, 36, 65, 18, 47, 68, 42, 9, 66, 51, 45, 48, 59, 50, 62] , 0.5598798153685371
[28, 94, 55, 63, 52, 49, 69, 72, 73, 85, 91, 100, 75, 76, 77, 7, 78, 79, 83, 84, 86, 87, 90, 92, 95, 96, 97, 99, 102, 103, 104, 105, 106, 39, 44, 43, 56, 70, 27, 54, 10, 33, 61, 71, 80, 82, 93, 98, 81, 88, 40, 26, 22, 13, 6, 25, 32, 15, 3, 19, 0, 4, 74, 89, 101, 67, 37, 20, 17, 53, 29, 8, 41, 34, 35, 23, 2, 12, 57, 5, 1, 30, 21, 16, 24, 14, 38, 31, 46, 36, 65, 18, 47, 68, 42, 9, 66, 51, 45, 48, 59, 50, 62, 64] , 0.5528945916915842
[28, 94, 55, 63, 52, 49, 69, 72, 73, 85, 91, 100, 75, 76, 77, 7, 78, 79, 83, 84, 86, 87, 90, 92, 95, 96, 97, 99, 102, 103, 104, 105, 106, 39, 44, 43, 56, 70, 27, 54, 10, 33, 61, 71, 80, 82, 93, 98, 81, 88, 40, 26, 22, 13, 6, 25, 32, 15, 3, 19, 0, 4, 74, 89, 101, 67, 37, 20, 17, 53, 29, 8, 41, 34, 35, 23, 2, 12, 57, 5, 1, 30, 21, 16, 24, 14, 38, 31, 46, 36, 65, 18, 47, 68, 42, 9, 66, 51, 45, 48, 59, 50, 62, 64, 60] , 0.5523749528260806
[28, 94, 55, 63, 52, 49, 69, 72, 73, 85, 91, 100, 75, 76, 77, 7, 78, 79, 83, 84, 86, 87, 90, 92, 95, 96, 97, 99, 102, 103, 104, 105, 106, 39, 44, 43, 56, 70, 27, 54, 10, 33, 61, 71, 80, 82, 93, 98, 81, 88, 40, 26, 22, 13, 6, 25, 32, 15, 3, 19, 0, 4, 74, 89, 101, 67, 37, 20, 17, 53, 29, 8, 41, 34, 35, 23, 2, 12, 57, 5, 1, 30, 21, 16, 24, 14, 38, 31, 46, 36, 65, 18, 47, 68, 42, 9, 66, 51, 45, 48, 59, 50, 62, 64, 60, 11] , 0.5523958545011176
[28, 94, 55, 63, 52, 49, 69, 72, 73, 85, 91, 100, 75, 76, 77, 7, 78, 79, 83, 84, 86, 87, 90, 92, 95, 96, 97, 99, 102, 103, 104, 105, 106, 39, 44, 43, 56, 70, 27, 54, 10, 33, 61, 71, 80, 82, 93, 98, 81, 88, 40, 26, 22, 13, 6, 25, 32, 15, 3, 19, 0, 4, 74, 89, 101, 67, 37, 20, 17, 53, 29, 8, 41, 34, 35, 23, 2, 12, 57, 5, 1, 30, 21, 16, 24, 14, 38, 31, 46, 36, 65, 18, 47, 68, 42, 9, 66, 51, 45, 48, 59, 50, 62, 64, 60, 11, 58] , 0.5523505675385374
