Id,Predicted
0, 0.44
1, 0.19
2, 0.44
3, 0.56
4, 0.94
5, 0.31
6, 0.62
7, 0.44
8, 0.38
9, 0.62
10, 0.56
11, 0.50
12, 0.62
13, 0.56
14, 0.81
15, 0.69
16, 1.00
17, 0.44
18, 0.38
19, 0.12
20, 0.62
21, 0.88
22, 0.31
23, 0.50
24, 0.50
25, 0.44
26, 0.62
27, 0.62
28, 0.31
29, 0.38
30, 0.44
31, 0.50
32, 0.44
33, 0.56
34, 0.44
35, 0.62
36, 0.38
37, 0.44
38, 0.38
39, 0.75
40, 0.44
41, 0.44
42, 0.56
43, 0.31
44, 0.88
45, 0.44
46, 0.44
47, 0.56
48, 0.50
49, 0.56
50, 0.38
51, 0.44
52, 0.12
53, 0.56
54, 0.31
55, 0.44
56, 0.50
57, 0.50
58, 0.44
59, 0.56
60, 0.56
61, 0.38
62, 0.25
63, 0.75
64, 0.69
65, 0.50
66, 0.19
67, 0.56
68, 0.19
69, 0.75
70, 0.62
71, 0.69
72, 0.62
73, 0.50
74, 0.56
75, 0.75
76, 0.62
77, 0.56
78, 0.62
79, 0.12
80, 0.69
81, 0.31
82, 0.19
83, 0.62
84, 0.31
85, 0.81
86, 0.62
87, 0.50
88, 0.75
89, 0.75
90, 0.62
91, 0.81
92, 0.44
93, 0.19
94, 0.69
95, 0.62
96, 0.44
97, 0.44
98, 0.56
99, 0.56
100, 0.62
101, 0.50
102, 0.19
103, 0.88
104, 0.56
105, 0.62
106, 0.38
107, 0.25
108, 0.44
109, 0.75
110, 0.19
111, 0.38
112, 0.44
113, 0.50
114, 0.56
115, 0.69
116, 0.62
117, 0.31
118, 0.50
119, 0.50
120, 0.19
121, 0.62
122, 0.25
123, 0.25
124, 0.81
125, 0.12
126, 0.50
127, 0.50
128, 0.56
129, 0.62
130, 0.06
131, 1.00
132, 0.00
133, 0.31
134, 0.44
135, 0.44
136, 0.12
137, 0.50
138, 0.44
139, 0.25
140, 0.50
141, 0.44
142, 0.44
143, 0.69
144, 0.81
145, 0.50
146, 0.31
147, 0.25
148, 0.56
149, 0.31
150, 0.38
151, 1.00
152, 0.12
153, 0.44
154, 0.38
155, 0.44
156, 0.38
157, 0.31
158, 0.69
159, 0.44
160, 0.19
161, 0.44
162, 0.56
163, 0.44
164, 0.25
165, 0.50
166, 0.12
167, 0.31
168, 0.94
169, 0.38
170, 0.50
171, 0.50
172, 0.56
173, 0.38
174, 0.19
175, 0.75
176, 0.31
177, 0.38
178, 0.62
179, 0.56
180, 0.69
181, 0.50
182, 0.62
183, 0.56
184, 0.31
185, 0.50
186, 0.31
187, 0.44
188, 0.38
189, 0.44
190, 0.56
191, 0.62
192, 0.69
193, 0.75
194, 0.38
195, 0.25
196, 0.38
197, 0.75
198, 0.62
199, 0.19
200, 0.44
201, 0.44
202, 0.69
203, 0.31
204, 0.88
205, 0.31
206, 0.56
207, 0.62
208, 1.00
209, 0.56
210, 0.50
211, 0.69
212, 0.25
213, 0.62
214, 0.38
215, 0.56
216, 0.69
217, 0.25
218, 0.25
219, 0.38
220, 0.81
221, 0.44
222, 0.81
223, 0.44
224, 0.31
225, 0.50
226, 0.38
227, 0.88
228, 0.50
229, 0.44
230, 0.19
231, 0.44
232, 0.50
233, 0.25
234, 0.25
235, 0.25
236, 0.44
237, 0.19
238, 0.44
239, 0.31
240, 0.38
241, 0.62
242, 0.31
243, 0.75
244, 0.56
245, 0.38
246, 0.50
247, 0.25
248, 0.38
249, 0.12
250, 0.69
251, 0.81
252, 0.62
253, 0.25
254, 0.62
255, 0.56
256, 0.50
257, 0.44
258, 0.38
259, 0.31
260, 0.25
261, 0.25
262, 0.50
263, 0.62
264, 0.31
265, 0.44
266, 0.31
267, 0.75
268, 0.62
269, 0.50
270, 0.25
271, 0.81
272, 0.44
273, 0.38
274, 0.62
275, 0.38
276, 0.56
277, 0.44
278, 0.75
279, 0.44
280, 0.75
281, 0.50
282, 1.00
283, 0.38
284, 0.50
285, 0.50
286, 0.44
287, 0.62
288, 0.56
289, 0.31
290, 0.56
291, 0.25
292, 0.94
293, 0.44
294, 0.00
295, 0.38
296, 0.25
297, 0.50
298, 0.31
299, 0.44
300, 0.62
301, 0.38
302, 0.56
303, 0.12
304, 0.38
305, 0.44
306, 0.50
307, 0.50
308, 0.50
309, 0.44
310, 0.31
311, 0.19
312, 0.88
313, 0.56
314, 0.50
315, 0.31
316, 0.25
317, 0.50
318, 0.50
319, 0.44
320, 0.56
321, 0.88
322, 0.12
323, 0.31
324, 0.44
325, 0.81
326, 0.75
327, 0.44
328, 0.31
329, 0.31
330, 0.75
331, 0.31
332, 0.19
333, 0.12
334, 0.69
335, 0.56
336, 0.62
337, 0.44
338, 0.62
339, 0.44
340, 0.50
341, 0.75
342, 0.25
343, 0.19
344, 0.62
345, 0.69
346, 0.31
347, 0.38
348, 0.69
349, 0.38
350, 0.81
351, 0.50
352, 0.50
353, 0.69
354, 0.88
355, 0.38
356, 0.81
357, 0.62
358, 0.56
359, 0.50
360, 0.19
361, 0.56
362, 0.50
363, 0.75
364, 0.62
365, 0.44
366, 0.56
367, 0.69
368, 0.44
369, 0.38
370, 0.81
371, 0.81
372, 0.44
373, 0.44
374, 0.94
375, 0.62
376, 0.50
377, 0.56
378, 0.56
379, 0.50
380, 0.38
381, 0.69
382, 0.19
383, 0.25
384, 0.50
385, 0.31
386, 0.00
387, 0.31
388, 1.00
389, 0.19
390, 0.62
391, 0.12
392, 0.50
393, 0.31
394, 0.75
395, 0.62
396, 0.44
397, 0.94
398, 0.38
399, 0.81
400, 0.56
401, 0.38
402, 0.69
403, 0.25
404, 0.44
405, 0.62
406, 0.31
407, 0.19
408, 0.50
409, 0.75
410, 0.75
411, 0.94
412, 0.38
413, 0.50
414, 0.25
415, 0.38
416, 0.44
417, 1.00
418, 0.44
419, 0.25
420, 0.62
421, 0.38
422, 0.62
423, 0.69
424, 0.94
425, 0.62
426, 0.44
427, 0.56
428, 0.94
429, 0.12
430, 0.44
431, 0.81
432, 0.31
433, 0.38
434, 1.00
435, 0.50
436, 0.50
437, 0.50
438, 0.44
439, 0.19
440, 0.88
441, 0.56
442, 0.56
443, 0.38
444, 0.50
445, 0.56
446, 0.38
447, 0.19
448, 0.50
449, 0.69
450, 0.25
451, 0.38
452, 0.38
453, 0.44
454, 0.38
455, 0.19
456, 0.44
457, 0.50
458, 0.44
459, 0.50
460, 0.75
461, 0.38
462, 0.38
463, 0.94
464, 0.69
465, 0.31
466, 0.62
467, 0.50
468, 0.81
469, 0.25
470, 0.44
471, 0.50
472, 0.62
473, 0.38
474, 0.94
475, 0.81
476, 0.75
477, 0.44
478, 0.25
479, 0.38
480, 0.44
481, 0.88
482, 0.62
483, 0.38
484, 0.25
485, 0.31
486, 0.44
487, 0.75
488, 0.50
489, 0.56
490, 0.31
491, 0.50
492, 0.31
493, 0.62
494, 0.62
495, 0.31
496, 0.56
497, 0.50
498, 0.81
499, 0.44
500, 0.81
501, 0.25
502, 0.69
503, 0.69
504, 0.38
505, 1.00
506, 0.56
507, 0.62
508, 0.50
509, 0.56
510, 0.50
511, 0.50
512, 0.44
513, 0.50
514, 0.62
515, 0.69
516, 0.56
517, 1.00
518, 0.31
519, 0.44
520, 0.25
521, 0.50
522, 0.12
523, 0.50
524, 0.44
525, 0.38
526, 0.31
527, 0.56
528, 0.25
529, 0.44
530, 0.38
531, 0.56
532, 0.19
533, 0.31
534, 0.44
535, 0.62
536, 0.44
537, 0.50
538, 0.44
539, 0.31
540, 0.81
541, 0.56
542, 0.62
543, 0.94
544, 0.50
545, 0.44
546, 0.62
547, 0.50
548, 0.81
549, 0.38
550, 0.50
551, 0.50
552, 0.50
553, 0.50
554, 0.56
555, 0.31
556, 0.25
557, 0.75
558, 0.50
559, 0.56
560, 0.69
561, 0.12
562, 0.31
563, 1.00
564, 0.38
565, 1.00
566, 0.31
567, 0.94
568, 0.38
569, 0.69
570, 0.31
571, 0.81
572, 0.44
573, 0.50
574, 0.38
575, 0.62
576, 0.31
577, 0.62
578, 0.50
579, 0.31
580, 0.62
581, 0.56
582, 0.38
583, 0.56
584, 0.62
585, 0.31
586, 0.12
587, 0.56
588, 0.50
589, 0.50
590, 0.50
591, 0.56
592, 0.88
593, 0.94
594, 0.31
595, 0.94
596, 0.50
597, 0.56
598, 0.31
599, 0.75
600, 0.62
601, 0.94
602, 0.38
603, 0.94
604, 0.31
605, 0.38
606, 0.62
607, 0.12
608, 0.69
609, 0.19
610, 0.31
611, 0.50
612, 0.50
613, 0.25
614, 0.50
615, 0.25
616, 0.50
617, 0.69
618, 0.38
619, 0.25
620, 0.38
621, 0.50
622, 0.38
623, 0.50
624, 0.25
625, 0.81
626, 0.62
627, 1.00
628, 0.56
629, 0.44
630, 0.69
631, 0.50
632, 0.19
633, 0.50
634, 0.81
635, 0.38
636, 0.69
637, 0.69
638, 0.50
639, 0.44
640, 0.56
641, 0.31
642, 0.50
643, 0.50
644, 0.19
645, 0.50
646, 0.19
647, 0.50
648, 0.94
649, 0.38
650, 0.25
651, 0.69
652, 0.50
653, 0.44
654, 0.94
655, 0.50
656, 0.56
657, 0.31
658, 0.31
659, 0.31
660, 0.94
661, 0.62
662, 0.50
663, 0.25
664, 0.31
665, 0.25
666, 0.50
667, 0.75
668, 0.75
669, 0.81
670, 0.56
671, 0.75
672, 0.94
673, 0.62
674, 0.69
675, 0.81
676, 0.19
677, 0.62
678, 0.38
679, 0.69
680, 0.56
681, 1.00
682, 0.44
683, 0.31
684, 0.50
685, 0.31
686, 0.62
687, 0.56
688, 0.38
689, 0.31
690, 0.44
691, 0.62
692, 0.31
693, 0.31
694, 0.50
695, 0.56
696, 0.62
697, 0.38
698, 0.31
699, 0.31
700, 0.50
701, 0.31
702, 0.56
703, 0.62
704, 0.31
705, 0.19
706, 0.44
707, 0.38
708, 0.38
709, 0.69
710, 0.62
711, 0.62
712, 0.62
713, 0.56
714, 0.31
715, 0.25
716, 0.19
717, 0.44
718, 0.31
719, 0.50
720, 0.75
721, 0.31
722, 0.00
723, 0.56
724, 0.25
725, 0.56
726, 0.75
727, 0.50
728, 0.50
729, 0.50
730, 0.38
731, 0.25
732, 0.25
733, 0.69
734, 0.19
735, 0.50
736, 0.50
737, 0.00
738, 0.56
739, 0.25
740, 0.56
741, 0.12
742, 0.75
743, 0.44
744, 0.44
745, 0.38
746, 0.56
747, 0.62
748, 0.19
749, 0.56
750, 0.50
751, 0.56
752, 0.56
753, 0.75
754, 0.62
755, 0.50
756, 0.56
757, 0.75
758, 0.25
759, 0.31
760, 0.62
761, 0.38
762, 0.38
763, 0.62
764, 0.38
765, 0.25
766, 0.50
767, 0.50
768, 0.12
769, 0.31
770, 0.81
771, 0.62
772, 0.44
773, 0.62
774, 0.75
775, 0.44
776, 0.50
777, 0.38
778, 0.75
779, 0.75
780, 0.19
781, 0.50
782, 0.56
783, 0.50
784, 0.44
785, 0.44
786, 0.62
787, 0.50
788, 0.62
789, 0.12
790, 0.12
791, 0.62
792, 0.31
793, 0.19
794, 0.38
795, 0.31
796, 0.19
797, 0.62
798, 0.31
799, 0.94
800, 0.38
801, 0.69
802, 0.56
803, 0.69
804, 0.44
805, 0.38
806, 0.25
807, 0.62
808, 0.38
809, 0.31
810, 0.44
811, 0.44
812, 0.88
813, 0.19
814, 0.50
815, 0.25
816, 0.94
817, 0.38
818, 0.25
819, 0.44
820, 0.44
821, 0.44
822, 0.81
823, 0.56
824, 0.25
825, 0.12
826, 0.75
827, 0.50
828, 0.94
829, 0.69
830, 0.44
831, 0.50
832, 0.38
833, 0.44
834, 0.75
835, 0.62
836, 0.56
837, 0.50
838, 0.56
839, 0.56
840, 0.19
841, 0.81
842, 0.50
843, 0.62
844, 0.69
845, 0.69
846, 0.62
847, 0.44
848, 0.50
849, 0.62
850, 0.12
851, 0.19
852, 0.19
853, 0.69
854, 0.44
855, 0.94
856, 0.12
857, 0.44
858, 0.62
859, 0.19
860, 0.50
861, 0.12
862, 0.62
863, 0.19
864, 0.50
865, 0.50
866, 0.56
867, 0.19
868, 0.88
869, 0.62
870, 0.19
871, 0.38
872, 0.88
873, 0.75
874, 0.50
875, 0.31
876, 0.50
877, 0.12
878, 0.38
879, 0.56
880, 0.56
881, 0.38
882, 0.56
883, 0.50
884, 0.38
885, 0.62
886, 0.81
887, 0.81
888, 0.44
889, 0.25
890, 0.56
891, 0.62
892, 0.56
893, 0.56
894, 0.62
895, 0.44
896, 0.62
897, 0.31
898, 0.50
899, 0.62
900, 0.31
901, 0.81
902, 0.56
903, 0.56
904, 1.00
905, 0.81
906, 0.50
907, 0.31
908, 0.25
909, 0.50
910, 0.94
911, 0.44
912, 0.50
913, 0.25
914, 0.38
915, 0.25
916, 0.88
917, 0.81
918, 0.12
919, 0.25
920, 0.31
921, 0.25
922, 0.44
923, 0.31
924, 0.19
925, 0.62
926, 0.44
927, 1.00
928, 0.19
929, 0.88
930, 0.50
931, 0.44
932, 0.44
933, 0.69
934, 0.56
935, 0.44
936, 0.75
937, 0.31
938, 0.50
939, 0.25
940, 0.31
941, 0.12
942, 0.38
943, 0.44
944, 0.44
945, 0.56
946, 0.56
947, 0.44
948, 0.44
949, 0.69
950, 0.31
951, 0.88
952, 0.31
953, 0.56
954, 0.56
955, 0.38
956, 0.56
957, 0.44
958, 0.31
959, 0.25
960, 0.38
961, 0.69
962, 0.25
963, 0.62
964, 0.31
965, 0.44
966, 0.50
967, 0.81
968, 0.38
969, 0.69
970, 0.25
971, 0.12
972, 0.25
973, 0.25
974, 0.50
975, 0.62
976, 0.69
977, 0.31
978, 0.62
979, 0.75
980, 0.44
981, 0.31
982, 0.56
983, 0.31
984, 0.50
985, 0.69
986, 0.19
987, 0.44
988, 0.56
989, 0.62
990, 0.06
991, 0.19
992, 0.62
993, 0.50
994, 0.31
995, 0.31
996, 0.44
997, 0.31
998, 0.12
999, 0.44
1000, 0.44
1001, 0.88
1002, 0.38
1003, 0.38
1004, 1.00
1005, 0.56
1006, 0.38
1007, 0.62
1008, 0.44
1009, 0.44
1010, 0.56
1011, 0.38
1012, 0.56
1013, 0.44
1014, 0.38
1015, 0.56
1016, 0.69
1017, 0.44
1018, 0.38
1019, 0.50
1020, 0.25
1021, 0.56
1022, 0.62
1023, 0.38
1024, 0.19
1025, 0.38
1026, 0.81
1027, 0.38
1028, 0.88
1029, 0.19
1030, 0.50
1031, 0.81
1032, 0.38
1033, 0.25
1034, 0.38
1035, 0.69
1036, 0.31
1037, 0.44
1038, 0.38
1039, 0.62
1040, 0.69
1041, 0.38
1042, 1.00
1043, 0.38
1044, 0.56
1045, 0.56
1046, 0.56
1047, 0.44
1048, 0.69
1049, 0.38
1050, 0.56
1051, 0.94
1052, 0.56
1053, 0.44
1054, 0.25
1055, 0.81
1056, 0.50
1057, 0.69
1058, 0.31
1059, 0.38
1060, 0.38
1061, 0.38
1062, 0.38
1063, 0.50
1064, 0.88
1065, 0.50
1066, 0.94
1067, 0.31
1068, 0.38
1069, 0.62
1070, 1.00
1071, 0.44
1072, 0.38
1073, 0.50
1074, 0.31
1075, 0.31
1076, 0.19
1077, 0.38
1078, 0.31
1079, 0.12
1080, 0.75
1081, 0.50
1082, 0.38
1083, 0.56
1084, 0.50
1085, 0.50
1086, 0.81
1087, 0.44
1088, 0.25
1089, 0.50
1090, 0.50
1091, 0.31
1092, 0.38
1093, 0.62
1094, 0.50
1095, 0.50
1096, 0.50
1097, 0.50
1098, 0.81
1099, 0.75
1100, 0.62
1101, 0.38
1102, 0.62
1103, 0.50
1104, 0.12
1105, 0.44
1106, 0.44
1107, 0.31
1108, 0.56
1109, 0.19
1110, 0.56
1111, 0.56
1112, 0.50
1113, 0.44
1114, 0.75
1115, 0.50
1116, 0.50
1117, 0.44
1118, 0.81
1119, 0.69
1120, 0.75
1121, 0.50
1122, 0.31
1123, 0.62
1124, 0.62
1125, 0.25
1126, 0.44
1127, 0.38
1128, 0.50
1129, 0.44
1130, 0.50
1131, 0.50
1132, 0.50
1133, 0.50
1134, 0.44
1135, 0.50
1136, 0.50
1137, 0.50
1138, 0.50
1139, 0.38
1140, 0.62
1141, 0.00
1142, 0.50
1143, 0.50
1144, 0.75
1145, 0.56
1146, 0.50
1147, 0.69
1148, 0.62
1149, 1.00
1150, 0.44
1151, 0.38
1152, 1.00
1153, 0.25
1154, 0.31
1155, 0.69
1156, 0.75
1157, 0.25
1158, 0.50
1159, 0.62
1160, 0.44
1161, 0.31
1162, 0.56
1163, 0.50
1164, 0.38
1165, 0.81
1166, 0.38
1167, 0.62
1168, 0.38
1169, 0.75
1170, 0.31
1171, 0.56
1172, 0.94
1173, 0.38
1174, 0.56
1175, 0.44
1176, 0.81
1177, 0.56
1178, 0.62
1179, 0.50
1180, 0.56
1181, 0.50
1182, 0.50
1183, 0.69
1184, 0.50
1185, 0.50
1186, 0.88
1187, 0.62
1188, 0.31
1189, 0.56
1190, 0.38
1191, 0.56
1192, 0.44
1193, 0.50
1194, 0.44
1195, 0.31
1196, 0.75
1197, 0.69
1198, 0.31
1199, 0.94
1200, 0.38
1201, 0.25
1202, 0.38
1203, 0.81
1204, 0.44
1205, 0.50
1206, 0.19
1207, 0.62
1208, 0.25
1209, 0.69
1210, 0.50
1211, 0.50
1212, 0.50
1213, 0.50
1214, 0.31
1215, 0.88
1216, 0.38
1217, 0.56
1218, 0.19
1219, 0.50
1220, 0.19
1221, 0.88
1222, 0.44
1223, 0.62
1224, 0.44
1225, 0.31
1226, 0.56
1227, 0.38
1228, 0.62
1229, 0.50
1230, 0.88
1231, 0.19
1232, 0.50
1233, 0.31
1234, 0.50
1235, 0.38
1236, 0.62
1237, 0.44
1238, 0.44
1239, 0.81
1240, 0.31
1241, 0.44
1242, 0.69
1243, 0.44
1244, 0.38
1245, 0.50
1246, 0.50
1247, 0.19
1248, 0.62
1249, 0.56
1250, 0.62
1251, 0.62
1252, 0.44
1253, 0.62
1254, 0.44
1255, 0.69
1256, 0.62
1257, 0.94
1258, 0.56
1259, 0.50
1260, 0.31
1261, 0.56
1262, 0.31
1263, 0.94
1264, 0.44
1265, 0.44
1266, 0.62
1267, 0.56
1268, 0.62
1269, 0.25
1270, 0.31
1271, 0.38
1272, 0.94
1273, 0.56
1274, 0.62
1275, 0.44
1276, 0.44
1277, 0.50
1278, 0.69
1279, 0.44
1280, 0.19
1281, 0.56
1282, 0.44
1283, 0.50
1284, 0.75
1285, 0.62
1286, 0.88
1287, 0.44
1288, 0.38
1289, 0.31
1290, 0.62
1291, 0.56
1292, 0.38
1293, 0.88
1294, 0.00
1295, 0.44
1296, 0.50
1297, 0.62
1298, 0.62
1299, 0.62
1300, 0.31
1301, 0.50
1302, 0.50
1303, 0.62
1304, 0.19
1305, 0.38
1306, 0.88
1307, 0.31
1308, 0.44
1309, 0.44
1310, 0.38
1311, 0.38
1312, 0.12
1313, 0.44
1314, 0.56
1315, 0.62
1316, 0.25
1317, 0.56
1318, 0.31
1319, 0.31
1320, 0.50
1321, 0.62
1322, 0.38
1323, 0.44
1324, 0.75
1325, 0.75
1326, 0.38
1327, 0.69
1328, 0.88
1329, 0.69
1330, 0.50
1331, 0.38
1332, 0.94
1333, 0.38
1334, 0.50
1335, 0.56
1336, 0.38
1337, 0.56
1338, 0.50
1339, 0.94
1340, 0.31
1341, 0.00
1342, 0.38
1343, 0.31
1344, 0.75
1345, 0.81
1346, 0.31
1347, 0.44
1348, 0.19
1349, 0.25
1350, 0.50
1351, 0.69
1352, 0.19
1353, 0.31
1354, 0.75
1355, 0.44
1356, 0.25
1357, 0.50
1358, 0.38
1359, 0.50
1360, 0.50
1361, 0.25
1362, 0.75
1363, 0.38
1364, 0.38
1365, 0.25
1366, 0.75
1367, 0.69
1368, 0.81
1369, 0.50
1370, 0.75
1371, 0.38
1372, 0.44
1373, 0.12
1374, 0.25
1375, 0.69
1376, 0.56
1377, 0.31
1378, 0.50
1379, 0.50
1380, 0.25
1381, 0.50
1382, 0.31
1383, 0.94
1384, 0.75
1385, 0.44
1386, 0.69
1387, 0.50
1388, 0.81
1389, 0.56
1390, 0.31
1391, 0.62
1392, 0.38
1393, 0.62
1394, 0.75
1395, 0.50
1396, 0.44
1397, 0.50
1398, 0.50
1399, 0.50
1400, 0.38
1401, 0.50
1402, 0.56
1403, 0.44
1404, 0.06
1405, 0.19
1406, 0.25
1407, 0.38
1408, 0.50
1409, 0.62
1410, 1.00
1411, 0.50
1412, 0.56
1413, 0.69
1414, 0.50
1415, 0.19
1416, 0.94
1417, 0.44
1418, 0.44
1419, 0.44
1420, 0.69
1421, 0.31
1422, 0.31
1423, 0.56
1424, 0.31
1425, 0.62
1426, 0.38
1427, 0.25
1428, 0.62
1429, 0.19
1430, 0.62
1431, 0.94
1432, 0.50
1433, 0.50
1434, 0.56
1435, 0.12
1436, 0.69
1437, 0.44
1438, 0.12
1439, 0.38
1440, 0.56
1441, 0.75
1442, 0.19
1443, 0.38
1444, 0.50
1445, 0.50
1446, 0.19
1447, 0.56
1448, 0.25
1449, 0.06
1450, 0.38
1451, 0.50
1452, 0.88
1453, 0.81
1454, 0.19
1455, 0.25
1456, 0.31
1457, 0.38
1458, 0.38
1459, 0.56
1460, 0.31
1461, 0.81
1462, 0.31
1463, 0.50
1464, 0.62
1465, 0.44
1466, 0.62
1467, 0.31
1468, 0.56
1469, 0.62
1470, 0.62
1471, 0.50
1472, 0.56
1473, 0.31
1474, 0.44
1475, 1.00
1476, 0.62
1477, 0.38
1478, 0.62
1479, 0.50
1480, 0.94
1481, 0.31
1482, 0.44
1483, 0.75
1484, 0.56
1485, 0.31
1486, 0.31
1487, 1.00
1488, 0.31
1489, 0.50
1490, 0.25
1491, 0.38
1492, 0.56
1493, 0.56
1494, 0.44
1495, 0.75
1496, 0.50
1497, 0.75
1498, 0.56
1499, 0.19
1500, 0.12
1501, 0.62
1502, 0.50
1503, 1.00
1504, 0.94
1505, 0.88
1506, 0.38
1507, 0.38
1508, 0.62
1509, 0.56
1510, 0.44
1511, 0.50
1512, 0.44
1513, 0.38
1514, 0.19
1515, 0.44
1516, 0.75
1517, 0.25
1518, 0.56
1519, 0.38
1520, 0.19
1521, 0.69
1522, 0.44
1523, 0.31
1524, 0.38
1525, 0.25
1526, 0.12
1527, 0.12
1528, 0.50
1529, 0.62
1530, 0.62
1531, 0.94
1532, 0.50
1533, 0.38
1534, 0.56
1535, 0.56
1536, 0.50
1537, 0.38
1538, 0.81
1539, 0.31
1540, 0.50
1541, 0.62
1542, 0.31
1543, 0.50
1544, 0.50
1545, 0.31
1546, 0.56
1547, 0.50
1548, 0.50
1549, 0.50
1550, 0.19
1551, 0.44
1552, 0.69
1553, 0.56
1554, 0.62
1555, 0.44
1556, 0.50
1557, 0.94
1558, 0.62
1559, 0.44
1560, 0.75
1561, 0.38
1562, 0.12
1563, 0.25
1564, 0.88
1565, 0.69
1566, 0.56
1567, 0.44
1568, 0.38
1569, 0.75
1570, 0.44
1571, 0.88
1572, 0.94
1573, 0.25
1574, 0.62
1575, 0.44
1576, 0.69
1577, 1.00
1578, 0.81
1579, 0.50
1580, 0.25
1581, 0.38
1582, 0.50
1583, 0.50
1584, 0.56
1585, 0.44
1586, 0.25
1587, 0.50
1588, 0.62
1589, 0.88
1590, 0.31
1591, 0.94
1592, 0.56
1593, 0.56
1594, 0.50
1595, 0.25
1596, 0.50
1597, 0.62
1598, 0.62
1599, 0.25
1600, 0.38
1601, 0.50
1602, 0.38
1603, 0.25
1604, 0.31
1605, 0.31
1606, 0.31
1607, 0.62
1608, 0.50
1609, 0.62
1610, 0.69
1611, 0.38
1612, 0.62
1613, 0.19
1614, 0.69
1615, 0.56
1616, 0.31
1617, 0.56
1618, 0.75
1619, 0.62
1620, 0.62
1621, 0.50
1622, 0.94
1623, 0.38
1624, 0.56
1625, 0.69
1626, 0.38
1627, 0.56
1628, 0.56
1629, 0.56
1630, 0.75
1631, 0.31
1632, 0.38
1633, 0.38
1634, 0.50
1635, 0.62
1636, 0.62
1637, 0.50
1638, 0.69
1639, 0.12
1640, 0.44
1641, 0.38
1642, 0.75
1643, 0.94
1644, 0.38
1645, 0.31
1646, 0.19
1647, 1.00
1648, 0.50
1649, 0.56
1650, 0.31
1651, 0.62
1652, 0.19
1653, 0.69
1654, 0.62
1655, 0.38
1656, 0.69
1657, 0.19
1658, 0.44
1659, 0.50
1660, 0.56
1661, 0.19
1662, 0.25
1663, 0.62
1664, 0.44
1665, 0.94
1666, 0.31
1667, 0.31
1668, 0.12
1669, 0.62
1670, 0.50
1671, 1.00
1672, 0.38
1673, 0.38
1674, 0.38
1675, 0.19
1676, 0.56
1677, 0.38
1678, 0.50
1679, 0.56
1680, 0.31
1681, 1.00
1682, 0.88
1683, 0.56
1684, 0.62
1685, 0.38
1686, 0.69
1687, 0.31
1688, 0.31
1689, 0.56
1690, 0.31
1691, 0.44
1692, 0.56
1693, 0.06
1694, 0.62
1695, 0.50
1696, 0.31
1697, 0.88
1698, 0.50
1699, 0.62
1700, 0.38
1701, 0.31
1702, 0.69
1703, 0.88
1704, 0.56
1705, 0.31
1706, 0.94
1707, 0.75
1708, 0.25
1709, 0.50
1710, 0.62
1711, 0.50
1712, 0.31
1713, 0.88
1714, 0.44
1715, 0.88
1716, 0.81
1717, 0.38
1718, 0.38
1719, 0.69
1720, 0.38
1721, 0.25
1722, 0.38
1723, 0.44
1724, 0.31
1725, 0.50
1726, 0.75
1727, 0.38
1728, 0.56
1729, 0.62
1730, 0.19
1731, 0.56
1732, 0.62
1733, 0.56
1734, 0.44
1735, 0.50
1736, 0.12
1737, 0.25
1738, 0.94
1739, 0.31
1740, 0.69
1741, 0.50
1742, 0.38
1743, 0.12
1744, 0.56
1745, 0.38
1746, 0.44
1747, 0.38
1748, 0.44
1749, 0.50
1750, 0.50
1751, 0.38
1752, 0.38
1753, 0.38
1754, 0.81
1755, 0.38
1756, 0.50
1757, 0.56
1758, 0.50
1759, 0.62
1760, 0.69
1761, 0.50
1762, 0.56
1763, 0.62
1764, 0.50
1765, 0.81
1766, 0.56
1767, 0.62
1768, 0.38
1769, 0.50
1770, 0.44
1771, 0.19
1772, 0.38
1773, 0.56
1774, 0.44
1775, 0.44
1776, 0.44
1777, 0.62
1778, 0.88
1779, 0.44
1780, 0.62
1781, 0.44
1782, 0.38
1783, 0.62
1784, 0.50
1785, 0.56
1786, 0.19
1787, 0.81
1788, 0.25
1789, 0.31
1790, 0.38
1791, 0.31
1792, 0.56
1793, 0.38
1794, 0.31
1795, 0.56
1796, 0.44
1797, 0.50
1798, 0.44
1799, 0.50
1800, 0.81
1801, 0.31
1802, 0.31
1803, 0.88
1804, 0.31
1805, 0.44
1806, 0.81
1807, 0.69
1808, 0.19
1809, 0.38
1810, 0.56
1811, 0.62
1812, 0.38
1813, 0.31
1814, 0.38
1815, 0.38
1816, 0.06
1817, 0.62
1818, 0.69
1819, 0.25
1820, 0.56
1821, 0.44
1822, 0.62
1823, 0.12
1824, 0.44
1825, 0.25
1826, 0.44
1827, 0.25
1828, 0.31
1829, 0.31
1830, 0.56
1831, 0.44
1832, 0.56
1833, 0.94
1834, 0.38
1835, 0.31
1836, 0.50
1837, 0.25
1838, 0.50
1839, 0.12
1840, 0.44
1841, 0.25
1842, 0.56
1843, 0.62
1844, 0.38
1845, 0.31
1846, 0.75
1847, 0.38
1848, 0.31
1849, 0.38
1850, 0.62
1851, 0.19
1852, 0.50
1853, 0.62
1854, 0.44
1855, 0.62
1856, 0.50
1857, 0.25
1858, 0.44
1859, 0.50
1860, 0.44
1861, 0.69
1862, 0.88
1863, 0.56
1864, 0.50
1865, 0.69
1866, 0.62
1867, 0.81
1868, 0.19
1869, 0.38
1870, 0.19
1871, 0.38
1872, 0.31
1873, 0.44
1874, 0.31
1875, 0.56
1876, 0.75
1877, 0.50
1878, 0.75
1879, 0.75
1880, 0.94
1881, 0.62
1882, 0.56
1883, 0.44
1884, 0.62
1885, 0.25
1886, 0.50
1887, 0.25
1888, 0.38
1889, 0.38
1890, 0.44
1891, 0.69
1892, 0.81
1893, 0.25
1894, 0.00
1895, 0.62
1896, 0.38
1897, 0.56
1898, 0.38
1899, 0.81
1900, 0.50
1901, 0.56
1902, 0.88
1903, 0.94
1904, 0.44
1905, 0.62
1906, 0.44
1907, 0.56
1908, 0.62
1909, 0.56
1910, 0.50
1911, 0.44
1912, 0.81
1913, 0.56
1914, 0.38
1915, 0.31
1916, 0.38
1917, 0.62
1918, 0.44
1919, 0.81
1920, 0.56
1921, 1.00
1922, 0.69
1923, 0.56
1924, 0.62
1925, 0.50
1926, 0.56
1927, 0.38
1928, 0.50
1929, 0.38
1930, 0.50
1931, 0.62
1932, 0.31
1933, 0.62
1934, 0.50
1935, 0.50
1936, 0.31
1937, 0.31
1938, 0.31
1939, 0.62
1940, 0.62
1941, 0.56
1942, 0.69
1943, 0.81
1944, 0.94
1945, 0.56
1946, 0.62
1947, 0.12
1948, 0.38
1949, 0.56
1950, 0.50
1951, 0.44
1952, 0.38
1953, 0.56
1954, 0.19
1955, 0.50
1956, 0.56
1957, 0.75
1958, 0.38
1959, 0.56
1960, 0.12
1961, 0.69
1962, 0.81
1963, 0.56
1964, 0.38
1965, 0.38
1966, 0.56
1967, 0.38
1968, 0.44
1969, 0.31
1970, 0.75
1971, 0.31
1972, 0.88
1973, 0.75
1974, 0.38
1975, 0.50
1976, 0.56
1977, 0.69
1978, 0.38
1979, 0.62
1980, 0.50
1981, 0.50
1982, 0.31
1983, 0.50
1984, 0.50
1985, 0.38
1986, 0.62
1987, 0.50
1988, 0.62
1989, 0.50
1990, 0.69
1991, 0.56
1992, 0.88
1993, 0.19
1994, 0.56
1995, 0.31
1996, 0.31
1997, 0.62
1998, 0.44
1999, 0.25
2000, 0.56
2001, 0.12
2002, 0.56
2003, 0.56
2004, 0.56
2005, 0.88
2006, 0.62
2007, 0.50
2008, 0.62
2009, 0.62
2010, 0.94
2011, 0.38
2012, 0.38
2013, 0.56
2014, 0.69
2015, 0.94
2016, 0.44
2017, 0.50
2018, 0.31
2019, 0.50
2020, 0.38
2021, 0.19
2022, 0.50
2023, 0.44
2024, 0.50
2025, 0.44
2026, 0.62
2027, 0.88
2028, 0.25
2029, 0.75
2030, 0.50
2031, 0.56
2032, 0.31
2033, 0.31
2034, 0.38
2035, 0.50
2036, 0.31
2037, 0.44
2038, 0.62
2039, 0.50
2040, 0.19
2041, 0.44
2042, 0.44
2043, 0.25
2044, 0.25
2045, 0.62
2046, 0.75
2047, 0.12
2048, 0.69
2049, 0.62
2050, 0.38
2051, 0.25
2052, 0.75
2053, 0.25
2054, 0.38
2055, 0.19
2056, 0.25
2057, 0.56
2058, 0.44
2059, 0.44
2060, 0.81
2061, 0.56
2062, 0.25
2063, 0.56
2064, 0.50
2065, 0.62
2066, 0.62
2067, 0.62
2068, 0.50
2069, 0.12
2070, 0.38
2071, 0.44
2072, 0.38
2073, 0.44
2074, 0.44
2075, 0.75
2076, 0.38
2077, 0.56
2078, 0.38
2079, 0.50
2080, 0.81
2081, 0.94
2082, 0.56
2083, 0.38
2084, 0.62
2085, 0.75
2086, 0.38
2087, 0.69
2088, 0.25
2089, 0.44
2090, 0.44
2091, 0.69
2092, 0.50
2093, 0.50
2094, 0.19
2095, 0.62
2096, 0.44
2097, 0.12
2098, 0.69
2099, 0.44
2100, 0.50
2101, 0.44
2102, 0.44
2103, 0.62
2104, 0.44
2105, 0.44
2106, 1.00
2107, 0.56
2108, 0.50
2109, 0.44
2110, 0.69
2111, 0.38
2112, 0.38
2113, 0.56
2114, 0.00
2115, 0.81
2116, 0.69
2117, 0.69
2118, 0.19
2119, 0.56
2120, 0.50
2121, 0.44
2122, 0.44
2123, 0.56
2124, 0.81
2125, 0.31
2126, 0.50
2127, 0.50
2128, 0.50
2129, 0.44
2130, 0.44
2131, 0.25
2132, 0.31
2133, 0.75
2134, 0.69
2135, 0.62
2136, 0.50
2137, 0.81
2138, 0.56
2139, 0.50
2140, 0.62
2141, 0.81
2142, 0.31
2143, 0.94
2144, 0.44
2145, 0.56
2146, 0.31
2147, 0.62
2148, 0.69
2149, 0.19
2150, 0.38
2151, 0.38
2152, 0.56
2153, 0.44
2154, 1.00
2155, 0.75
2156, 0.31
2157, 0.31
2158, 0.56
2159, 0.69
2160, 0.31
2161, 0.31
2162, 0.44
2163, 0.19
2164, 0.25
2165, 0.62
2166, 0.81
2167, 0.44
2168, 0.88
2169, 0.25
2170, 0.75
2171, 0.38
2172, 0.38
2173, 0.56
2174, 0.81
2175, 0.50
2176, 0.56
2177, 0.50
2178, 0.62
2179, 0.56
2180, 0.50
2181, 0.44
2182, 0.81
2183, 0.69
2184, 0.38
2185, 0.56
2186, 0.56
2187, 0.12
2188, 0.38
2189, 0.56
2190, 0.31
2191, 0.38
2192, 0.50
2193, 0.81
2194, 0.50
2195, 0.38
2196, 0.88
2197, 0.56
2198, 0.38
2199, 0.50
2200, 0.50
2201, 0.50
2202, 0.50
2203, 0.94
2204, 0.44
2205, 0.06
2206, 0.25
2207, 0.38
2208, 0.56
2209, 0.50
2210, 0.75
2211, 0.62
2212, 0.56
2213, 0.62
2214, 0.06
2215, 0.44
2216, 0.50
2217, 0.81
2218, 0.50
2219, 0.56
2220, 0.50
2221, 0.31
2222, 0.25
2223, 0.25
2224, 0.44
2225, 0.44
2226, 0.50
2227, 0.50
2228, 0.38
2229, 0.50
2230, 0.56
2231, 0.25
2232, 0.94
2233, 0.31
2234, 0.56
2235, 0.44
2236, 0.25
2237, 0.38
2238, 0.31
2239, 0.50
2240, 0.44
2241, 0.56
2242, 0.31
2243, 1.00
2244, 0.12
2245, 0.56
2246, 0.56
2247, 0.31
2248, 0.00
2249, 0.25
2250, 0.94
2251, 0.50
2252, 0.56
2253, 0.25
2254, 0.44
2255, 0.62
2256, 0.62
2257, 0.31
2258, 0.25
2259, 0.25
2260, 0.62
2261, 0.75
2262, 0.56
2263, 0.25
2264, 0.06
2265, 0.31
2266, 0.69
2267, 0.12
2268, 0.94
2269, 0.44
2270, 0.69
2271, 0.44
2272, 0.56
2273, 0.44
2274, 0.31
2275, 0.88
2276, 0.56
2277, 0.62
2278, 0.50
2279, 0.31
2280, 0.62
2281, 0.31
2282, 0.19
2283, 0.56
2284, 0.44
2285, 0.62
2286, 0.56
2287, 0.62
2288, 0.25
2289, 0.81
2290, 0.94
2291, 0.25
2292, 0.62
2293, 0.94
2294, 0.62
2295, 0.81
2296, 0.31
2297, 0.38
2298, 0.38
2299, 0.50
2300, 0.62
2301, 0.31
2302, 0.12
2303, 0.44
2304, 0.50
2305, 0.75
2306, 0.25
2307, 0.50
2308, 0.38
2309, 0.62
2310, 0.25
2311, 0.31
2312, 0.50
2313, 0.56
2314, 0.44
2315, 0.50
2316, 0.56
2317, 0.69
2318, 0.62
2319, 0.50
2320, 0.56
2321, 0.62
2322, 0.12
2323, 0.31
2324, 0.38
2325, 0.44
2326, 0.25
2327, 0.19
2328, 0.25
2329, 0.00
2330, 0.44
2331, 0.50
2332, 0.44
2333, 0.81
2334, 0.44
2335, 0.50
2336, 0.81
2337, 0.56
2338, 0.62
2339, 0.44
2340, 0.38
2341, 0.38
2342, 0.19
2343, 0.94
2344, 0.44
2345, 0.25
2346, 0.62
2347, 0.44
2348, 0.12
2349, 0.56
2350, 0.44
2351, 0.62
2352, 0.56
2353, 0.44
2354, 0.44
2355, 0.50
2356, 0.12
2357, 1.00
2358, 0.56
2359, 0.31
2360, 0.50
2361, 0.56
2362, 0.44
2363, 0.69
2364, 0.62
2365, 0.81
2366, 0.81
2367, 0.31
2368, 0.75
2369, 0.44
2370, 0.38
2371, 0.62
2372, 0.50
2373, 0.44
2374, 0.50
2375, 0.56
2376, 0.56
2377, 0.56
2378, 0.44
2379, 0.69
2380, 0.38
2381, 0.12
2382, 0.56
2383, 0.31
2384, 0.44
2385, 0.88
2386, 0.50
2387, 0.81
2388, 0.31
2389, 0.62
2390, 0.75
2391, 0.38
2392, 0.62
2393, 0.50
2394, 0.38
2395, 0.25
2396, 0.19
2397, 0.25
2398, 0.94
2399, 0.38
2400, 0.25
2401, 0.62
2402, 0.31
2403, 0.44
2404, 0.25
2405, 0.62
2406, 0.62
2407, 0.56
2408, 1.00
2409, 0.31
2410, 0.56
2411, 0.19
2412, 0.50
2413, 0.31
2414, 0.38
2415, 0.25
2416, 0.31
2417, 0.75
2418, 0.50
2419, 0.94
2420, 0.38
2421, 0.62
2422, 0.62
2423, 0.56
2424, 0.62
2425, 0.50
2426, 0.31
2427, 0.75
2428, 0.50
2429, 0.44
2430, 0.50
2431, 0.56
2432, 0.88
2433, 0.94
2434, 0.75
2435, 0.62
2436, 0.19
2437, 0.38
2438, 0.38
2439, 0.44
2440, 0.19
2441, 0.00
2442, 0.38
2443, 0.56
2444, 0.50
2445, 0.38
2446, 0.19
2447, 0.50
2448, 0.38
2449, 0.50
2450, 0.50
2451, 0.44
2452, 0.44
2453, 0.56
2454, 0.50
2455, 0.44
2456, 0.94
2457, 0.62
2458, 0.50
2459, 0.19
2460, 0.56
2461, 0.81
2462, 0.44
2463, 0.81
2464, 0.81
2465, 0.56
2466, 0.12
2467, 0.69
2468, 0.38
2469, 0.62
2470, 0.25
2471, 0.50
2472, 0.44
2473, 0.56
2474, 0.50
2475, 0.56
2476, 0.31
2477, 0.56
2478, 0.31
2479, 0.88
2480, 0.44
2481, 0.44
2482, 0.69
2483, 0.62
2484, 0.31
2485, 0.31
2486, 0.44
2487, 0.75
2488, 0.31
2489, 0.19
2490, 0.31
2491, 0.69
2492, 0.44
2493, 0.31
2494, 0.50
2495, 0.50
2496, 0.44
2497, 0.25
2498, 0.94
2499, 0.56
2500, 0.44
2501, 0.44
2502, 0.12
2503, 0.19
2504, 0.50
2505, 0.62
2506, 0.38
2507, 0.44
2508, 0.38
2509, 0.12
2510, 0.31
2511, 0.56
2512, 0.31
2513, 0.88
2514, 0.75
2515, 0.62
2516, 0.81
2517, 0.50
2518, 0.44
2519, 0.50
2520, 0.50
2521, 0.44
2522, 0.50
2523, 0.56
2524, 0.62
2525, 0.56
2526, 0.25
2527, 0.50
2528, 0.38
2529, 0.44
2530, 0.62
2531, 0.62
2532, 0.69
2533, 0.56
2534, 0.38
2535, 0.12
2536, 0.12
2537, 0.44
2538, 0.25
2539, 0.12
2540, 0.25
2541, 0.81
2542, 0.38
2543, 0.56
2544, 0.56
2545, 0.31
2546, 0.25
2547, 0.56
2548, 0.56
2549, 0.44
2550, 0.69
2551, 0.56
2552, 0.44
2553, 0.75
2554, 0.38
2555, 0.38
2556, 0.69
2557, 0.44
2558, 0.62
2559, 0.50
2560, 0.38
2561, 0.19
2562, 0.94
2563, 1.00
2564, 0.31
2565, 0.62
2566, 0.56
2567, 0.62
2568, 0.50
2569, 0.75
2570, 0.19
2571, 0.25
2572, 0.50
2573, 1.00
2574, 0.38
2575, 0.50
2576, 0.31
2577, 0.44
2578, 0.56
2579, 0.19
2580, 0.25
2581, 0.38
2582, 0.38
2583, 0.50
2584, 0.25
2585, 0.44
2586, 0.44
2587, 0.50
2588, 0.19
2589, 0.81
2590, 0.38
2591, 0.62
2592, 0.88
2593, 0.62
2594, 0.75
2595, 0.50
2596, 0.50
2597, 0.44
2598, 0.31
2599, 0.19
2600, 0.56
2601, 0.69
2602, 0.56
2603, 0.56
2604, 0.31
2605, 0.38
2606, 0.56
2607, 0.50
2608, 0.50
2609, 0.44
2610, 0.25
2611, 0.50
2612, 0.31
2613, 0.62
2614, 0.19
2615, 0.38
2616, 0.62
2617, 0.75
2618, 0.56
2619, 0.12
2620, 0.38
2621, 0.62
2622, 0.75
2623, 0.38
2624, 0.19
2625, 0.38
2626, 1.00
2627, 1.00
2628, 0.56
2629, 0.38
2630, 0.88
2631, 0.62
2632, 0.31
2633, 0.75
2634, 0.69
2635, 0.50
2636, 0.25
2637, 0.56
2638, 0.44
2639, 0.31
2640, 0.31
2641, 0.19
2642, 0.50
2643, 0.56
2644, 0.25
2645, 0.50
2646, 0.38
2647, 0.50
2648, 0.88
2649, 0.62
2650, 0.62
2651, 0.31
2652, 0.44
2653, 0.31
2654, 0.56
2655, 0.50
2656, 1.00
2657, 0.94
2658, 0.62
2659, 0.44
2660, 0.50
2661, 0.62
2662, 1.00
2663, 0.44
2664, 0.31
2665, 0.31
2666, 0.62
2667, 0.38
2668, 0.62
2669, 0.00
2670, 0.25
2671, 0.88
2672, 0.62
2673, 0.25
2674, 0.62
2675, 0.56
2676, 0.25
2677, 0.56
2678, 0.81
2679, 0.38
2680, 0.31
2681, 0.69
2682, 0.81
2683, 0.75
2684, 0.75
2685, 0.75
2686, 0.69
2687, 0.88
2688, 0.31
2689, 0.31
2690, 0.31
2691, 0.12
2692, 0.81
2693, 0.62
2694, 0.56
2695, 0.44
2696, 0.56
2697, 0.50
2698, 0.62
2699, 0.31
2700, 0.62
2701, 0.38
2702, 0.31
2703, 0.50
2704, 0.50
2705, 0.38
2706, 0.81
2707, 0.50
2708, 0.38
2709, 0.56
2710, 0.62
2711, 0.44
2712, 0.88
2713, 0.50
2714, 0.25
2715, 0.06
2716, 0.56
2717, 0.31
2718, 0.56
2719, 0.50
2720, 0.31
2721, 0.94
2722, 0.44
2723, 0.38
2724, 0.56
2725, 0.62
2726, 0.50
2727, 0.56
2728, 0.56
2729, 0.25
2730, 0.50
2731, 0.56
2732, 0.75
2733, 0.12
2734, 0.50
2735, 0.44
2736, 0.69
2737, 0.50
2738, 0.31
2739, 0.62
2740, 0.31
2741, 0.75
2742, 0.88
2743, 1.00
2744, 0.12
2745, 0.50
2746, 0.19
2747, 0.19
2748, 0.69
2749, 0.56
2750, 0.56
2751, 0.38
2752, 0.38
2753, 0.38
2754, 0.81
2755, 1.00
2756, 0.19
2757, 0.38
2758, 0.94
2759, 0.44
2760, 0.31
2761, 0.56
2762, 0.31
2763, 0.38
2764, 0.31
2765, 0.44
2766, 0.38
2767, 0.62
2768, 0.50
2769, 0.50
2770, 0.56
2771, 0.62
2772, 0.31
2773, 0.62
2774, 0.38
2775, 0.62
2776, 0.56
2777, 0.69
2778, 0.31
2779, 0.50
2780, 0.44
2781, 0.56
2782, 0.44
2783, 0.62
2784, 0.94
2785, 0.31
2786, 0.94
2787, 0.56
2788, 0.62
2789, 0.94
2790, 0.31
2791, 0.31
2792, 0.94
2793, 0.38
2794, 0.50
2795, 0.38
2796, 0.38
2797, 0.19
2798, 0.38
2799, 0.50
2800, 0.75
2801, 0.38
2802, 0.38
2803, 0.62
2804, 0.38
2805, 1.00
2806, 0.38
2807, 0.56
2808, 0.31
2809, 0.25
2810, 0.69
2811, 0.25
2812, 0.75
2813, 0.25
2814, 0.31
2815, 0.62
2816, 0.62
2817, 0.56
2818, 0.31
2819, 0.69
2820, 0.81
2821, 0.31
2822, 0.38
2823, 0.31
2824, 0.81
2825, 0.38
2826, 0.94
2827, 0.19
2828, 0.31
2829, 0.44
2830, 0.44
2831, 0.69
2832, 0.44
2833, 0.44
2834, 1.00
2835, 0.50
2836, 0.69
2837, 0.69
2838, 0.44
2839, 0.44
2840, 0.38
2841, 0.12
2842, 0.69
2843, 0.38
2844, 0.44
2845, 0.81
2846, 0.69
2847, 0.44
2848, 0.69
2849, 0.75
2850, 0.25
2851, 0.31
2852, 0.44
2853, 0.62
2854, 0.50
2855, 0.19
2856, 0.12
2857, 1.00
2858, 0.44
2859, 0.31
2860, 0.88
2861, 0.38
2862, 0.56
2863, 0.31
2864, 0.69
2865, 0.56
2866, 0.44
2867, 0.38
2868, 0.44
2869, 0.44
2870, 0.38
2871, 0.50
2872, 0.69
2873, 0.50
2874, 0.25
2875, 0.19
2876, 0.75
2877, 0.44
2878, 0.44
2879, 0.62
2880, 0.81
2881, 0.44
2882, 0.69
2883, 0.81
2884, 0.88
2885, 0.44
2886, 0.62
2887, 0.50
2888, 0.50
2889, 0.62
2890, 0.44
2891, 0.50
2892, 0.25
2893, 0.62
2894, 0.38
2895, 0.50
2896, 0.94
2897, 0.50
2898, 1.00
2899, 0.56
2900, 0.44
2901, 0.38
2902, 0.56
2903, 0.81
2904, 0.12
2905, 0.38
2906, 0.38
2907, 0.56
2908, 0.44
2909, 0.44
2910, 0.88
2911, 0.44
2912, 0.50
2913, 0.38
2914, 0.56
2915, 0.81
2916, 0.25
2917, 0.50
2918, 0.69
2919, 0.38
2920, 0.50
2921, 0.75
2922, 0.69
2923, 0.44
2924, 0.62
2925, 0.56
2926, 0.56
2927, 0.38
2928, 0.50
2929, 0.44
2930, 0.38
2931, 0.38
2932, 0.50
2933, 0.44
2934, 0.31
2935, 0.56
2936, 0.62
2937, 0.44
2938, 0.56
2939, 0.19
2940, 0.62
2941, 0.38
2942, 0.38
2943, 0.38
2944, 0.38
2945, 0.25
2946, 0.62
2947, 0.75
2948, 0.75
2949, 0.94
2950, 0.31
2951, 0.19
2952, 0.62
2953, 0.62
2954, 0.62
2955, 0.50
2956, 0.38
2957, 0.88
2958, 0.38
2959, 0.12
2960, 0.38
2961, 0.38
2962, 0.56
2963, 0.50
2964, 0.62
2965, 0.62
2966, 0.31
2967, 0.12
2968, 0.25
2969, 0.69
2970, 0.19
2971, 0.69
2972, 0.44
2973, 0.94
2974, 0.50
2975, 0.25
2976, 0.62
2977, 0.44
2978, 0.62
2979, 0.38
2980, 0.44
2981, 0.75
2982, 0.31
2983, 0.75
2984, 0.31
2985, 0.25
2986, 0.56
2987, 0.00
2988, 0.50
2989, 0.38
2990, 0.50
2991, 0.50
2992, 0.62
2993, 0.44
2994, 0.56
2995, 0.69
2996, 0.44
2997, 0.62
2998, 0.56
2999, 0.50
3000, 0.44
3001, 0.44
3002, 0.50
3003, 0.88
3004, 0.62
3005, 0.38
3006, 0.19
3007, 0.56
3008, 0.44
3009, 0.25
3010, 0.44
3011, 0.25
3012, 0.56
3013, 0.31
3014, 0.38
3015, 0.25
3016, 0.50
3017, 0.62
3018, 0.44
3019, 0.69
3020, 0.38
3021, 0.38
3022, 0.50
3023, 0.44
3024, 0.75
3025, 0.56
3026, 0.62
3027, 0.44
3028, 0.69
3029, 0.50
3030, 0.38
3031, 0.69
3032, 0.44
3033, 0.81
3034, 0.31
3035, 0.56
3036, 0.56
3037, 0.50
3038, 0.56
3039, 0.62
3040, 0.56
3041, 0.06
3042, 0.50
3043, 0.50
3044, 0.38
3045, 0.44
3046, 0.44
3047, 0.12
3048, 0.50
3049, 0.38
3050, 0.44
3051, 0.31
3052, 0.62
3053, 0.56
3054, 0.75
3055, 0.44
3056, 0.44
3057, 0.69
3058, 0.56
3059, 0.62
3060, 0.25
3061, 0.38
3062, 0.38
3063, 0.56
3064, 0.19
3065, 0.50
3066, 0.31
3067, 0.56
3068, 0.38
3069, 0.50
3070, 0.62
3071, 0.31
3072, 0.38
3073, 0.25
3074, 0.38
3075, 0.31
3076, 0.56
3077, 0.50
3078, 0.50
3079, 0.44
3080, 0.69
3081, 0.62
3082, 1.00
3083, 0.69
3084, 0.50
3085, 0.50
3086, 0.31
3087, 0.19
3088, 0.50
3089, 0.81
3090, 0.50
3091, 0.25
3092, 0.12
3093, 0.50
3094, 0.81
3095, 0.69
3096, 0.38
3097, 0.25
3098, 0.44
3099, 0.44
3100, 0.62
3101, 0.62
3102, 0.31
3103, 0.50
3104, 0.31
3105, 0.31
3106, 0.56
3107, 0.56
3108, 0.44
3109, 0.25
3110, 0.62
3111, 0.56
3112, 0.50
3113, 0.31
3114, 0.12
3115, 0.44
3116, 0.25
3117, 0.44
3118, 0.50
3119, 0.44
3120, 0.38
3121, 0.50
3122, 0.38
3123, 0.50
3124, 0.62
3125, 0.44
3126, 0.31
3127, 0.38
3128, 0.19
3129, 0.62
3130, 0.75
3131, 0.44
3132, 0.56
3133, 0.94
3134, 0.62
3135, 0.50
3136, 0.50
3137, 0.50
3138, 0.50
3139, 0.50
3140, 0.44
3141, 0.56
3142, 0.81
3143, 0.31
3144, 0.44
3145, 0.44
3146, 0.44
3147, 0.38
3148, 0.56
3149, 0.69
3150, 0.44
3151, 0.50
3152, 0.44
3153, 0.62
3154, 1.00
3155, 0.44
3156, 0.50
3157, 0.56
3158, 0.38
3159, 0.62
3160, 0.69
3161, 0.31
3162, 0.81
3163, 0.75
3164, 0.81
3165, 0.56
3166, 0.56
3167, 0.62
3168, 0.50
3169, 0.50
3170, 0.50
3171, 0.50
3172, 0.56
3173, 1.00
3174, 0.31
3175, 0.69
3176, 0.12
3177, 0.50
3178, 0.50
3179, 0.50
3180, 0.19
3181, 0.31
3182, 0.50
3183, 0.31
3184, 0.50
3185, 0.50
3186, 0.19
3187, 0.44
3188, 0.38
3189, 0.56
3190, 0.31
3191, 0.75
3192, 0.44
3193, 0.25
3194, 0.81
3195, 0.75
3196, 0.50
3197, 0.62
3198, 0.44
3199, 0.50
3200, 0.56
3201, 0.81
3202, 0.62
3203, 0.62
3204, 0.81
3205, 0.56
3206, 0.31
3207, 0.81
3208, 0.31
3209, 0.38
3210, 0.50
3211, 0.88
3212, 0.94
3213, 0.50
3214, 0.25
3215, 0.56
3216, 0.56
3217, 0.62
3218, 0.69
3219, 0.19
3220, 0.56
3221, 0.44
3222, 0.94
3223, 0.50
3224, 0.38
3225, 0.31
3226, 0.31
3227, 0.38
3228, 0.31
3229, 0.50
3230, 0.56
3231, 0.25
3232, 0.50
3233, 0.44
3234, 0.38
3235, 0.62
3236, 0.38
3237, 0.56
3238, 0.38
3239, 0.69
3240, 0.56
3241, 0.31
3242, 0.31
3243, 0.62
3244, 0.50
3245, 0.50
3246, 0.38
3247, 0.94
3248, 0.38
3249, 0.50
3250, 0.12
3251, 0.62
3252, 0.94
3253, 0.56
3254, 0.81
3255, 0.31
3256, 0.50
3257, 0.44
3258, 0.94
3259, 0.44
3260, 0.12
3261, 0.62
3262, 0.44
3263, 0.50
3264, 0.12
3265, 0.75
3266, 0.50
3267, 0.50
3268, 0.44
3269, 0.38
3270, 0.62
3271, 0.31
3272, 0.50
3273, 0.44
3274, 1.00
3275, 0.94
3276, 0.81
3277, 0.56
3278, 0.44
3279, 0.88
3280, 0.38
3281, 0.44
3282, 0.38
3283, 0.50
3284, 0.50
3285, 0.44
3286, 0.94
3287, 0.44
3288, 0.25
3289, 0.31
3290, 0.31
3291, 0.69
3292, 0.88
3293, 0.56
3294, 0.38
3295, 0.19
3296, 0.56
3297, 0.38
3298, 0.44
3299, 0.25
3300, 0.69
3301, 0.50
3302, 0.25
3303, 0.44
3304, 0.38
3305, 0.12
3306, 0.19
3307, 0.38
3308, 0.44
3309, 0.31
3310, 0.94
3311, 0.38
3312, 0.50
3313, 1.00
3314, 0.50
3315, 0.12
3316, 0.50
3317, 0.38
3318, 0.44
3319, 0.25
3320, 0.62
3321, 0.31
3322, 0.31
3323, 0.50
3324, 0.25
3325, 0.25
3326, 0.44
3327, 0.25
3328, 0.69
3329, 0.25
3330, 0.25
3331, 0.25
3332, 0.62
3333, 0.19
3334, 0.31
3335, 0.56
3336, 0.56
3337, 0.75
3338, 0.25
3339, 0.25
3340, 0.81
3341, 0.31
3342, 0.94
3343, 0.56
3344, 0.50
3345, 0.31
3346, 0.38
3347, 0.38
3348, 0.19
3349, 0.44
3350, 0.44
3351, 0.31
3352, 0.12
3353, 0.44
3354, 0.56
3355, 0.19
3356, 0.44
3357, 0.56
3358, 0.50
3359, 0.31
3360, 0.62
3361, 0.94
3362, 0.44
3363, 0.44
3364, 0.50
3365, 0.44
3366, 0.50
3367, 0.25
3368, 0.19
3369, 0.44
3370, 0.25
3371, 0.25
3372, 0.50
3373, 0.38
3374, 0.25
3375, 0.31
3376, 0.19
3377, 0.75
3378, 0.44
3379, 0.31
3380, 0.44
3381, 0.38
3382, 0.44
3383, 0.56
3384, 0.25
3385, 0.50
3386, 0.56
3387, 0.50
3388, 0.62
3389, 0.44
3390, 0.81
3391, 0.56
3392, 0.56
3393, 0.44
3394, 0.56
3395, 0.25
3396, 0.62
3397, 0.50
3398, 0.44
3399, 0.62
3400, 0.88
3401, 0.75
3402, 0.38
3403, 0.38
3404, 0.19
3405, 0.56
3406, 0.50
3407, 0.12
3408, 0.50
3409, 0.56
3410, 0.38
3411, 0.31
3412, 0.94
3413, 0.56
3414, 0.88
3415, 0.56
3416, 0.00
3417, 0.62
3418, 0.44
3419, 0.69
3420, 0.44
3421, 0.00
3422, 0.31
3423, 0.31
3424, 0.69
3425, 1.00
3426, 0.62
3427, 0.56
3428, 0.31
3429, 0.56
3430, 0.62
3431, 0.69
3432, 0.31
3433, 0.50
3434, 0.44
3435, 0.50
3436, 0.44
3437, 0.94
3438, 0.69
3439, 0.50
3440, 0.56
3441, 0.56
3442, 0.19
3443, 0.31
3444, 0.44
3445, 0.38
3446, 0.62
3447, 0.19
3448, 0.50
3449, 0.88
3450, 0.31
3451, 0.69
3452, 0.44
3453, 0.62
3454, 0.62
3455, 0.62
3456, 0.12
3457, 0.56
3458, 0.38
3459, 0.62
3460, 0.75
3461, 0.38
3462, 0.88
3463, 0.81
3464, 0.38
3465, 0.62
3466, 0.62
3467, 0.62
3468, 0.38
3469, 0.62
3470, 0.44
3471, 0.38
3472, 0.56
3473, 0.44
3474, 0.31
3475, 0.38
3476, 0.56
3477, 0.25
3478, 0.62
3479, 0.56
3480, 0.56
3481, 0.44
3482, 0.50
3483, 0.50
3484, 0.75
3485, 1.00
3486, 0.56
3487, 0.44
3488, 0.56
3489, 0.44
3490, 0.62
3491, 0.69
3492, 0.94
3493, 0.19
3494, 0.38
3495, 0.25
3496, 0.50
3497, 0.38
3498, 0.38
3499, 0.75
3500, 0.62
3501, 0.19
3502, 0.75
3503, 0.69
3504, 0.12
3505, 0.69
3506, 0.88
3507, 0.69
3508, 0.56
3509, 0.50
3510, 0.44
3511, 0.62
3512, 0.56
3513, 0.38
3514, 0.56
3515, 0.19
3516, 0.88
3517, 0.38
3518, 0.81
3519, 0.31
3520, 0.62
3521, 0.62
3522, 0.62
3523, 0.50
3524, 0.69
3525, 0.94
3526, 0.50
3527, 0.44
3528, 0.69
3529, 0.44
3530, 0.38
3531, 0.19
3532, 0.50
3533, 0.38
3534, 0.50
3535, 0.69
3536, 0.31
3537, 0.69
3538, 0.44
3539, 0.38
3540, 0.44
3541, 0.62
3542, 0.12
3543, 0.62
3544, 0.00
3545, 0.69
3546, 0.56
3547, 0.31
3548, 0.31
3549, 0.69
3550, 0.44
3551, 0.25
3552, 0.56
3553, 0.38
3554, 1.00
3555, 0.31
3556, 0.50
3557, 0.12
3558, 0.50
3559, 0.44
3560, 0.50
3561, 0.81
3562, 0.25
3563, 0.56
3564, 0.75
3565, 0.38
3566, 0.56
3567, 0.62
3568, 0.25
3569, 0.81
3570, 0.12
3571, 0.62
3572, 0.06
3573, 0.38
3574, 0.88
3575, 0.38
3576, 0.44
3577, 0.50
3578, 0.31
3579, 0.69
3580, 0.50
3581, 0.25
3582, 0.62
3583, 0.56
3584, 0.56
3585, 0.88
3586, 0.81
3587, 0.12
3588, 0.56
3589, 0.50
3590, 0.31
3591, 0.56
3592, 0.75
3593, 0.25
3594, 0.56
3595, 0.62
3596, 0.50
3597, 0.62
3598, 0.81
3599, 0.56
3600, 0.94
3601, 0.50
3602, 0.69
3603, 0.44
3604, 0.44
3605, 0.25
3606, 0.56
3607, 0.38
3608, 0.62
3609, 0.56
3610, 0.38
3611, 0.56
3612, 0.81
3613, 0.31
3614, 0.62
3615, 0.50
3616, 0.62
3617, 0.50
3618, 0.62
3619, 0.12
3620, 0.50
3621, 0.25
3622, 0.44
3623, 0.56
3624, 0.50
3625, 0.62
3626, 0.44
3627, 0.81
3628, 0.31
3629, 0.38
3630, 0.88
3631, 0.75
3632, 0.50
3633, 0.69
3634, 0.50
3635, 0.62
3636, 0.56
3637, 0.44
3638, 0.44
3639, 0.50
3640, 0.50
3641, 0.44
3642, 0.56
3643, 0.75
3644, 0.69
3645, 0.25
3646, 0.88
3647, 0.38
3648, 0.50
3649, 0.44
3650, 0.75
3651, 0.44
3652, 0.50
3653, 0.69
3654, 0.38
3655, 0.69
3656, 0.12
3657, 0.44
3658, 0.69
3659, 0.31
3660, 0.88
3661, 0.38
3662, 0.44
3663, 0.44
3664, 0.62
3665, 0.44
3666, 0.75
3667, 0.69
3668, 0.38
3669, 0.44
3670, 0.31
3671, 0.62
3672, 0.50
3673, 0.62
3674, 0.44
3675, 0.56
3676, 0.31
3677, 0.50
3678, 0.50
3679, 0.81
3680, 0.75
3681, 0.56
3682, 0.19
3683, 0.38
3684, 0.50
3685, 0.44
3686, 0.38
3687, 0.25
3688, 0.38
3689, 0.50
3690, 0.75
3691, 0.25
3692, 0.50
3693, 0.44
3694, 0.75
3695, 0.75
3696, 0.50
3697, 0.56
3698, 0.44
3699, 0.06
3700, 0.62
3701, 0.56
3702, 0.31
3703, 0.56
3704, 0.62
3705, 0.75
3706, 0.56
3707, 0.56
3708, 0.50
3709, 0.50
3710, 0.25
3711, 0.25
3712, 0.31
3713, 0.50
3714, 0.31
3715, 0.69
3716, 0.25
3717, 0.81
3718, 0.19
3719, 0.62
3720, 0.50
3721, 0.94
3722, 0.31
3723, 0.25
3724, 0.69
3725, 0.62
3726, 0.25
3727, 0.75
3728, 0.62
3729, 0.50
3730, 0.38
3731, 0.69
3732, 0.69
3733, 0.38
3734, 0.69
3735, 0.62
3736, 0.44
3737, 0.44
3738, 0.62
3739, 0.56
3740, 0.44
3741, 0.69
3742, 0.19
3743, 0.31
3744, 0.50
3745, 0.81
3746, 0.44
3747, 0.94
3748, 0.38
3749, 0.62
3750, 0.88
3751, 0.50
3752, 0.81
3753, 0.69
3754, 0.62
3755, 0.56
3756, 0.44
3757, 0.25
3758, 0.62
3759, 0.56
3760, 0.56
3761, 0.31
3762, 0.81
3763, 1.00
3764, 0.25
3765, 0.50
3766, 0.31
3767, 0.56
3768, 0.44
3769, 0.88
3770, 0.19
3771, 0.31
3772, 0.25
3773, 0.31
3774, 0.50
3775, 0.56
3776, 0.38
3777, 0.12
3778, 0.38
3779, 0.56
3780, 0.38
3781, 0.75
3782, 0.50
3783, 0.38
3784, 0.25
3785, 0.69
3786, 0.94
3787, 0.44
3788, 0.62
3789, 0.25
3790, 0.38
3791, 0.25
3792, 0.31
3793, 0.62
3794, 0.75
3795, 0.44
3796, 0.44
3797, 0.62
3798, 0.69
3799, 0.50
3800, 1.00
3801, 0.44
3802, 0.38
3803, 0.75
3804, 0.62
3805, 0.62
3806, 0.62
3807, 0.38
3808, 0.62
3809, 0.56
3810, 0.62
3811, 0.31
3812, 0.44
3813, 0.19
3814, 0.56
3815, 0.81
3816, 0.38
3817, 0.38
3818, 0.00
3819, 0.38
3820, 0.50
3821, 0.25
3822, 0.56
3823, 0.69
3824, 0.38
3825, 0.19
3826, 0.56
3827, 0.31
3828, 0.69
3829, 0.38
3830, 0.69
3831, 0.50
3832, 0.12
3833, 0.75
3834, 0.69
3835, 0.31
3836, 0.94
3837, 0.50
3838, 0.56
3839, 0.75
3840, 0.25
3841, 0.19
3842, 0.56
3843, 0.69
3844, 0.44
3845, 0.38
3846, 0.50
3847, 0.31
3848, 0.38
3849, 0.56
3850, 0.44
3851, 0.62
3852, 0.62
3853, 0.56
3854, 0.56
3855, 0.94
3856, 0.44
3857, 0.75
3858, 0.81
3859, 0.44
3860, 0.62
3861, 0.62
3862, 0.25
3863, 0.50
3864, 0.44
3865, 0.38
3866, 0.50
3867, 0.56
3868, 0.12
3869, 0.44
3870, 0.25
3871, 0.44
3872, 0.50
3873, 0.81
3874, 0.50
3875, 0.81
3876, 0.31
3877, 0.50
3878, 0.31
3879, 0.31
3880, 0.50
3881, 0.50
3882, 0.38
3883, 0.69
3884, 0.56
3885, 0.50
3886, 0.19
3887, 0.25
3888, 0.69
3889, 0.62
3890, 0.56
3891, 0.50
3892, 0.62
3893, 0.56
3894, 0.56
3895, 0.44
3896, 0.62
3897, 0.44
3898, 0.44
3899, 0.31
3900, 0.44
3901, 0.62
3902, 0.25
3903, 0.62
3904, 0.62
3905, 0.50
3906, 0.31
3907, 0.75
3908, 0.81
3909, 0.56
3910, 0.50
3911, 0.31
3912, 0.81
3913, 0.62
3914, 0.50
3915, 0.81
3916, 0.25
3917, 0.19
3918, 0.56
3919, 0.56
3920, 0.50
3921, 0.69
3922, 0.50
3923, 0.69
3924, 0.94
3925, 0.56
3926, 0.38
3927, 0.62
3928, 0.69
3929, 0.62
3930, 0.44
3931, 0.44
3932, 0.62
3933, 0.62
3934, 0.56
3935, 0.31
3936, 0.50
3937, 0.38
3938, 0.25
3939, 0.56
3940, 0.81
3941, 0.44
3942, 0.31
3943, 0.50
3944, 0.94
3945, 0.38
3946, 0.56
3947, 0.44
3948, 0.12
3949, 0.62
3950, 0.62
3951, 0.12
3952, 0.50
3953, 0.50
3954, 0.31
3955, 0.25
3956, 0.56
3957, 0.38
3958, 0.50
3959, 1.00
3960, 0.12
3961, 0.56
3962, 0.31
3963, 0.62
3964, 0.56
3965, 0.81
3966, 0.50
3967, 0.50
3968, 0.38
3969, 0.31
3970, 0.25
3971, 0.50
3972, 0.19
3973, 0.38
3974, 0.38
3975, 0.50
3976, 0.62
3977, 0.25
3978, 0.81
3979, 0.56
3980, 0.19
3981, 0.81
3982, 0.44
3983, 0.94
3984, 0.38
3985, 0.38
3986, 0.25
3987, 0.19
3988, 0.94
3989, 0.44
3990, 0.44
3991, 0.12
3992, 0.44
3993, 0.44
3994, 0.81
3995, 0.31
3996, 0.44
3997, 0.88
3998, 0.50
3999, 0.31
4000, 0.62
4001, 0.62
4002, 0.50
4003, 0.94
4004, 0.62
4005, 0.69
4006, 0.31
4007, 0.75
4008, 0.31
4009, 0.56
4010, 0.31
4011, 0.94
4012, 0.25
4013, 0.44
4014, 0.19
4015, 0.38
4016, 0.69
4017, 0.38
4018, 0.56
4019, 0.50
4020, 0.25
4021, 0.69
4022, 0.62
4023, 0.44
4024, 0.25
4025, 0.44
4026, 0.62
4027, 0.62
4028, 0.69
4029, 0.81
4030, 0.44
4031, 0.38
4032, 0.38
4033, 0.44
4034, 0.38
4035, 0.31
4036, 0.31
4037, 0.62
4038, 0.62
4039, 0.88
4040, 0.44
4041, 0.62
4042, 0.62
4043, 0.44
4044, 0.62
4045, 0.31
4046, 0.75
4047, 0.56
4048, 0.50
4049, 0.38
4050, 0.62
4051, 0.50
4052, 0.56
4053, 0.50
4054, 0.50
4055, 0.69
4056, 0.31
4057, 0.56
4058, 0.94
4059, 0.38
4060, 0.44
4061, 0.38
4062, 0.31
4063, 0.19
4064, 0.44
4065, 0.56
4066, 1.00
4067, 0.00
4068, 0.94
4069, 0.38
4070, 0.25
4071, 0.88
4072, 0.44
4073, 0.94
4074, 0.50
4075, 0.44
4076, 0.38
4077, 0.50
4078, 0.81
4079, 0.56
4080, 0.38
4081, 0.69
4082, 0.38
4083, 0.50
4084, 0.62
4085, 0.69
4086, 0.56
4087, 0.75
4088, 0.44
4089, 0.44
4090, 0.62
4091, 0.69
4092, 0.88
4093, 0.50
4094, 0.62
4095, 0.38
4096, 0.62
4097, 0.38
4098, 0.31
4099, 0.50
4100, 0.12
4101, 0.31
4102, 0.62
4103, 0.62
4104, 0.12
4105, 0.50
4106, 0.62
4107, 0.50
4108, 0.81
4109, 0.50
4110, 1.00
4111, 0.94
4112, 0.94
4113, 0.31
4114, 0.50
4115, 0.44
4116, 0.44
4117, 0.75
4118, 0.62
4119, 0.62
4120, 0.62
4121, 0.69
4122, 0.44
4123, 0.25
4124, 0.31
4125, 0.50
4126, 0.56
4127, 0.50
4128, 0.56
4129, 0.56
4130, 0.56
4131, 0.31
4132, 0.62
4133, 0.88
4134, 0.62
4135, 0.31
4136, 0.38
4137, 0.56
4138, 0.50
4139, 0.44
4140, 0.44
4141, 0.75
4142, 0.50
4143, 0.44
4144, 0.06
4145, 0.25
4146, 1.00
4147, 0.31
4148, 0.31
4149, 0.25
4150, 0.62
4151, 0.69
4152, 0.44
4153, 0.62
4154, 0.50
4155, 0.75
4156, 0.38
4157, 0.75
4158, 0.44
4159, 0.38
4160, 0.50
4161, 0.12
4162, 0.06
4163, 0.44
4164, 0.31
4165, 0.81
4166, 0.56
4167, 0.50
4168, 0.38
4169, 0.88
4170, 0.69
4171, 0.81
4172, 0.44
4173, 0.31
4174, 0.31
4175, 0.44
4176, 0.62
4177, 1.00
4178, 0.44
4179, 0.81
4180, 0.38
4181, 0.25
4182, 0.38
4183, 0.31
4184, 0.25
4185, 0.44
4186, 0.44
4187, 0.75
4188, 0.62
4189, 0.62
4190, 0.50
4191, 0.50
4192, 0.44
4193, 0.88
4194, 0.31
4195, 0.44
4196, 0.31
4197, 0.62
4198, 0.44
4199, 0.44
4200, 0.44
4201, 0.19
4202, 0.62
4203, 0.56
4204, 0.31
4205, 0.50
4206, 0.50
4207, 0.12
4208, 0.38
4209, 0.38
4210, 0.56
4211, 0.19
4212, 0.38
4213, 1.00
4214, 0.31
4215, 0.81
4216, 0.56
4217, 0.12
4218, 0.56
4219, 0.62
4220, 0.50
4221, 0.19
4222, 0.31
4223, 0.00
4224, 0.44
4225, 0.38
4226, 0.12
4227, 0.56
4228, 0.69
4229, 0.50
4230, 0.38
4231, 0.56
4232, 0.88
4233, 0.56
4234, 0.56
4235, 0.56
4236, 0.56
4237, 0.25
4238, 0.56
4239, 0.94
4240, 0.50
4241, 0.88
4242, 0.88
4243, 0.69
4244, 0.38
4245, 0.50
4246, 0.50
4247, 0.88
4248, 0.50
4249, 0.31
4250, 0.56
4251, 0.62
4252, 0.88
4253, 0.44
4254, 0.50
4255, 0.38
4256, 0.50
4257, 0.50
4258, 0.38
4259, 0.19
4260, 0.62
4261, 0.75
4262, 0.31
4263, 0.38
4264, 0.50
4265, 0.31
4266, 0.81
4267, 0.31
4268, 0.88
4269, 0.62
4270, 0.62
4271, 0.81
4272, 0.44
4273, 0.50
4274, 0.56
4275, 0.38
4276, 0.56
4277, 0.44
4278, 0.69
4279, 0.38
4280, 0.56
4281, 0.56
4282, 0.62
4283, 0.56
4284, 0.25
4285, 0.69
4286, 0.69
4287, 0.69
4288, 0.62
4289, 0.50
4290, 0.56
4291, 0.44
4292, 0.38
4293, 0.44
4294, 0.62
4295, 0.69
4296, 0.50
4297, 0.44
4298, 0.31
4299, 0.50
4300, 0.38
4301, 0.81
4302, 0.69
4303, 0.38
4304, 0.50
4305, 0.44
4306, 0.31
4307, 0.38
4308, 0.19
4309, 0.75
4310, 0.62
4311, 0.44
4312, 0.44
4313, 0.38
4314, 0.38
4315, 0.50
4316, 0.50
4317, 0.00
4318, 0.38
4319, 0.25
4320, 0.44
4321, 1.00
4322, 0.50
4323, 0.94
4324, 0.50
4325, 0.25
4326, 0.31
4327, 0.44
4328, 0.75
4329, 0.44
4330, 0.50
4331, 0.50
4332, 0.62
4333, 0.69
4334, 0.50
4335, 0.50
4336, 0.44
4337, 0.56
4338, 0.62
4339, 0.88
4340, 0.94
4341, 0.50
4342, 0.62
4343, 0.31
4344, 0.50
4345, 0.56
4346, 0.38
4347, 0.38
4348, 0.19
4349, 0.50
4350, 0.31
4351, 0.62
4352, 0.50
4353, 1.00
4354, 0.44
4355, 0.62
4356, 0.56
4357, 0.56
4358, 0.56
4359, 0.50
4360, 0.69
4361, 0.38
4362, 0.38
4363, 0.62
4364, 0.25
4365, 0.75
4366, 0.44
4367, 0.62
4368, 0.69
4369, 0.50
4370, 0.44
4371, 0.56
4372, 0.50
4373, 0.19
4374, 0.56
4375, 0.38
4376, 0.56
4377, 0.50
4378, 0.31
4379, 0.31
4380, 0.56
4381, 0.44
4382, 0.38
4383, 0.69
4384, 0.44
4385, 0.19
4386, 0.31
4387, 0.50
4388, 0.38
4389, 0.62
4390, 0.12
4391, 0.25
4392, 0.50
4393, 0.19
4394, 0.62
4395, 0.62
4396, 0.25
4397, 0.50
4398, 0.44
4399, 0.56
4400, 0.94
4401, 0.62
4402, 0.44
4403, 0.56
4404, 0.56
4405, 0.62
4406, 0.25
4407, 0.56
4408, 0.88
4409, 0.62
4410, 0.62
4411, 0.38
4412, 0.62
4413, 0.81
4414, 0.50
4415, 0.38
4416, 0.56
4417, 0.38
4418, 0.50
4419, 0.62
4420, 0.62
4421, 0.56
4422, 0.38
4423, 0.19
4424, 1.00
4425, 0.75
4426, 0.38
4427, 0.62
4428, 0.25
4429, 0.56
4430, 0.44
4431, 0.25
4432, 0.31
4433, 0.50
4434, 0.44
4435, 0.50
4436, 0.38
4437, 0.38
4438, 0.50
4439, 0.75
4440, 0.94
4441, 0.38
4442, 0.44
4443, 0.56
4444, 0.12
4445, 0.62
4446, 0.31
4447, 0.94
4448, 0.62
4449, 0.44
4450, 0.25
4451, 0.38
4452, 0.38
4453, 0.62
4454, 0.44
4455, 0.19
4456, 0.50
4457, 0.50
4458, 0.81
4459, 0.56
4460, 0.62
4461, 0.38
4462, 0.25
4463, 0.06
4464, 0.12
4465, 0.56
4466, 0.50
4467, 0.38
4468, 0.50
4469, 0.56
4470, 0.94
4471, 0.31
4472, 0.38
4473, 0.44
4474, 0.31
4475, 0.38
4476, 1.00
4477, 0.69
4478, 0.75
4479, 0.44
4480, 0.31
4481, 0.56
4482, 0.56
4483, 0.50
4484, 0.50
4485, 0.38
4486, 0.62
4487, 0.56
4488, 0.56
4489, 0.44
4490, 0.44
4491, 0.62
4492, 0.44
4493, 0.56
4494, 0.31
4495, 0.75
4496, 0.38
4497, 0.50
4498, 0.56
4499, 0.19
4500, 0.19
4501, 0.88
4502, 0.88
4503, 0.62
4504, 0.25
4505, 0.62
4506, 0.38
4507, 0.44
4508, 0.56
4509, 0.56
4510, 0.44
4511, 0.38
4512, 0.44
4513, 0.19
4514, 0.75
4515, 0.75
4516, 0.62
4517, 0.62
4518, 0.88
4519, 0.44
4520, 0.56
4521, 0.56
4522, 0.44
4523, 0.88
4524, 0.38
4525, 0.44
4526, 0.31
4527, 0.81
4528, 0.44
4529, 0.56
4530, 0.25
4531, 0.31
4532, 0.75
4533, 0.50
4534, 0.81
4535, 0.31
4536, 0.50
4537, 0.75
4538, 0.56
4539, 0.19
4540, 0.31
4541, 0.44
4542, 0.56
4543, 0.50
4544, 0.44
4545, 0.94
4546, 0.19
4547, 0.38
4548, 0.56
4549, 0.25
4550, 0.44
4551, 0.31
4552, 0.38
4553, 0.81
4554, 0.69
4555, 0.44
4556, 0.75
4557, 0.50
4558, 0.44
4559, 0.50
4560, 0.44
4561, 0.62
4562, 0.56
4563, 0.56
4564, 1.00
4565, 0.88
4566, 0.56
4567, 0.56
4568, 0.56
4569, 0.81
4570, 0.19
4571, 0.44
4572, 0.56
4573, 0.69
4574, 0.25
4575, 0.81
4576, 0.50
4577, 0.25
4578, 0.38
4579, 0.38
4580, 0.19
4581, 0.75
4582, 0.94
4583, 0.62
4584, 0.25
4585, 0.56
4586, 0.56
4587, 1.00
4588, 0.56
4589, 0.56
4590, 0.31
4591, 0.62
4592, 0.44
4593, 0.62
4594, 0.56
4595, 0.56
4596, 0.56
4597, 0.25
4598, 0.81
4599, 0.62
4600, 0.44
4601, 0.19
4602, 0.50
4603, 0.62
4604, 0.38
4605, 0.62
4606, 0.38
4607, 0.44
4608, 0.50
4609, 0.50
4610, 0.06
4611, 0.56
4612, 0.56
4613, 0.25
4614, 0.75
4615, 0.56
4616, 0.31
4617, 0.94
4618, 0.69
4619, 0.00
4620, 0.38
4621, 0.62
4622, 0.69
4623, 0.69
4624, 0.38
4625, 0.56
4626, 0.75
4627, 0.19
4628, 0.25
4629, 0.88
4630, 0.62
4631, 0.62
4632, 0.50
4633, 0.31
4634, 0.88
4635, 0.50
4636, 0.50
4637, 0.38
4638, 0.56
4639, 0.81
4640, 0.94
4641, 0.38
4642, 0.31
4643, 0.56
4644, 0.44
4645, 0.31
4646, 0.62
4647, 0.50
4648, 0.69
4649, 0.62
4650, 0.50
4651, 0.81
4652, 0.38
4653, 0.31
4654, 0.50
4655, 0.56
4656, 0.81
4657, 0.62
4658, 0.31
4659, 0.38
4660, 0.50
4661, 0.62
4662, 0.31
4663, 0.31
4664, 0.88
4665, 0.56
4666, 0.56
4667, 0.62
4668, 0.25
4669, 0.25
4670, 0.44
4671, 0.50
4672, 0.94
4673, 0.31
4674, 0.94
4675, 0.44
4676, 0.19
4677, 0.56
4678, 0.38
4679, 0.31
4680, 0.62
4681, 0.69
4682, 0.81
4683, 0.81
4684, 0.88
4685, 0.81
4686, 0.94
4687, 0.38
4688, 0.50
4689, 0.50
4690, 1.00
4691, 0.69
4692, 0.50
4693, 0.56
4694, 0.75
4695, 0.31
4696, 0.56
4697, 0.25
4698, 0.19
4699, 0.56
4700, 0.62
4701, 0.62
4702, 0.44
4703, 0.62
4704, 0.38
4705, 0.50
4706, 0.62
4707, 0.38
4708, 0.75
4709, 0.94
4710, 0.56
4711, 0.25
4712, 0.62
4713, 0.75
4714, 0.44
4715, 0.31
4716, 0.50
4717, 0.56
4718, 0.50
4719, 1.00
4720, 0.19
4721, 0.62
4722, 0.38
4723, 0.62
4724, 0.31
4725, 0.38
4726, 0.25
4727, 0.62
4728, 0.56
4729, 0.12
4730, 0.62
4731, 0.50
4732, 0.44
4733, 0.44
4734, 0.19
4735, 0.50
4736, 0.56
4737, 0.31
4738, 0.69
4739, 0.75
4740, 0.62
4741, 0.38
4742, 0.50
4743, 0.75
4744, 0.38
4745, 0.56
4746, 0.38
4747, 0.56
4748, 0.31
4749, 0.88
4750, 0.38
4751, 0.25
4752, 0.56
4753, 0.38
4754, 0.56
4755, 0.94
4756, 0.31
4757, 0.56
4758, 0.75
4759, 0.75
4760, 0.50
4761, 0.50
4762, 0.81
4763, 0.12
4764, 0.12
4765, 0.44
4766, 0.19
4767, 0.50
4768, 0.56
4769, 0.31
4770, 0.38
4771, 0.94
4772, 0.50
4773, 0.44
4774, 0.75
4775, 0.31
4776, 0.62
4777, 0.25
4778, 0.44
4779, 0.44
4780, 0.62
4781, 0.94
4782, 0.56
4783, 0.62
4784, 0.94
4785, 0.62
4786, 0.88
4787, 0.88
4788, 0.44
4789, 0.31
4790, 0.56
4791, 0.62
4792, 0.50
4793, 0.44
4794, 0.69
4795, 0.69
4796, 0.88
4797, 0.44
4798, 0.19
4799, 0.50
4800, 0.38
4801, 0.62
4802, 0.38
4803, 0.44
4804, 0.44
4805, 0.44
4806, 0.38
4807, 0.62
4808, 0.38
4809, 0.56
4810, 0.50
4811, 0.19
4812, 0.44
4813, 0.31
4814, 0.19
4815, 0.38
4816, 0.69
4817, 0.75
4818, 0.56
4819, 0.19
4820, 0.69
4821, 0.31
4822, 0.50
4823, 0.12
4824, 0.50
4825, 0.50
4826, 0.50
4827, 0.44
4828, 0.62
4829, 0.81
4830, 0.62
4831, 0.31
4832, 0.25
4833, 0.94
4834, 0.69
4835, 0.50
4836, 0.62
4837, 0.56
4838, 0.31
4839, 0.06
4840, 0.44
4841, 0.69
4842, 0.50
4843, 0.62
4844, 0.62
4845, 0.62
4846, 0.88
4847, 0.56
4848, 0.94
4849, 0.31
4850, 0.38
4851, 0.50
4852, 0.50
4853, 0.38
4854, 0.12
4855, 0.19
4856, 0.25
4857, 0.44
4858, 0.56
4859, 0.62
4860, 0.62
4861, 0.19
4862, 0.44
4863, 0.31
4864, 0.69
4865, 0.56
4866, 0.94
4867, 0.50
4868, 0.12
4869, 0.25
4870, 0.44
4871, 0.88
4872, 0.69
4873, 0.56
4874, 0.19
4875, 0.50
4876, 0.38
4877, 1.00
4878, 0.56
4879, 0.50
4880, 0.56
4881, 0.56
4882, 0.75
4883, 0.75
4884, 0.31
4885, 0.44
4886, 0.31
4887, 0.56
4888, 0.38
4889, 0.62
4890, 0.25
4891, 0.31
4892, 0.25
4893, 0.88
4894, 0.19
4895, 0.38
4896, 0.81
4897, 0.56
4898, 0.31
4899, 0.50
4900, 0.56
4901, 0.38
4902, 0.38
4903, 0.69
4904, 0.56
4905, 0.56
4906, 0.81
4907, 0.38
4908, 0.31
4909, 0.62
4910, 0.38
4911, 0.31
4912, 0.88
4913, 0.56
4914, 0.50
4915, 1.00
4916, 0.88
4917, 0.25
4918, 0.56
4919, 0.25
4920, 0.38
4921, 0.56
4922, 0.88
4923, 1.00
4924, 0.50
4925, 0.62
4926, 0.38
4927, 0.88
4928, 0.56
4929, 0.88
4930, 0.81
4931, 0.44
4932, 0.56
4933, 0.50
4934, 0.44
4935, 0.62
4936, 0.38
4937, 0.75
4938, 0.31
4939, 0.94
4940, 0.62
4941, 0.56
4942, 0.50
4943, 0.44
4944, 0.62
4945, 0.56
4946, 0.88
4947, 0.69
4948, 0.38
4949, 0.56
4950, 0.44
4951, 0.56
4952, 0.56
4953, 0.44
4954, 0.19
4955, 0.38
4956, 0.38
4957, 0.38
4958, 0.31
4959, 0.56
4960, 0.44
4961, 1.00
4962, 0.38
4963, 0.25
4964, 0.50
4965, 0.62
4966, 0.44
4967, 0.50
4968, 0.38
4969, 0.94
4970, 0.44
4971, 0.62
4972, 0.44
4973, 0.56
4974, 0.44
4975, 0.75
4976, 0.25
4977, 0.25
4978, 0.31
4979, 0.25
4980, 0.88
4981, 0.56
4982, 0.25
4983, 0.62
4984, 0.62
4985, 0.56
4986, 0.75
4987, 0.50
4988, 0.62
4989, 0.50
4990, 0.50
4991, 0.69
4992, 0.25
4993, 0.38
4994, 0.31
4995, 0.62
4996, 0.69
4997, 0.25
4998, 0.44
4999, 0.38
5000, 0.88
5001, 0.25
5002, 0.25
5003, 0.50
5004, 0.56
5005, 0.50
5006, 0.31
5007, 0.38
5008, 0.38
5009, 0.44
5010, 0.31
5011, 0.31
5012, 0.56
5013, 0.31
5014, 0.81
5015, 0.44
5016, 0.56
5017, 0.62
5018, 0.56
5019, 0.44
5020, 1.00
5021, 0.19
5022, 1.00
5023, 0.75
5024, 0.50
5025, 0.62
5026, 0.69
5027, 0.56
5028, 0.31
5029, 0.38
5030, 0.44
5031, 0.44
5032, 0.44
5033, 0.44
5034, 0.31
5035, 0.44
5036, 0.50
5037, 0.38
5038, 0.56
5039, 0.44
5040, 0.69
5041, 0.25
5042, 0.81
5043, 0.19
5044, 0.44
5045, 0.44
5046, 0.81
5047, 0.56
5048, 0.50
5049, 0.75
5050, 0.38
5051, 0.56
5052, 0.56
5053, 0.69
5054, 0.31
5055, 0.44
5056, 0.56
5057, 0.25
5058, 0.62
5059, 0.81
5060, 0.88
5061, 0.19
5062, 0.62
5063, 0.62
5064, 0.31
5065, 0.06
5066, 0.38
5067, 0.69
5068, 0.38
5069, 0.31
5070, 0.56
5071, 0.56
5072, 0.44
5073, 0.81
5074, 0.38
5075, 0.50
5076, 0.44
5077, 0.44
5078, 0.56
5079, 0.88
5080, 0.31
5081, 0.31
5082, 0.44
5083, 0.25
5084, 0.56
5085, 0.56
5086, 0.31
5087, 0.50
5088, 0.38
5089, 0.56
5090, 0.50
5091, 0.38
5092, 0.69
5093, 0.56
5094, 0.56
5095, 0.50
5096, 0.38
5097, 0.44
5098, 0.44
5099, 0.25
5100, 0.44
5101, 0.50
5102, 0.12
5103, 0.38
5104, 0.56
5105, 0.44
5106, 0.38
5107, 0.38
5108, 0.56
5109, 0.75
5110, 0.25
5111, 0.38
5112, 0.50
5113, 0.56
5114, 0.38
5115, 0.25
5116, 0.38
5117, 0.81
5118, 0.44
5119, 0.56
5120, 0.62
5121, 0.44
5122, 0.56
5123, 0.31
5124, 0.31
5125, 0.81
5126, 0.38
5127, 0.00
5128, 0.38
5129, 0.56
5130, 0.44
5131, 0.38
5132, 0.56
5133, 0.50
5134, 0.38
5135, 0.50
5136, 0.50
5137, 0.50
5138, 0.56
5139, 0.25
5140, 0.75
5141, 0.12
5142, 0.75
5143, 0.56
5144, 0.81
5145, 0.31
5146, 0.62
5147, 0.31
5148, 0.31
5149, 0.56
5150, 0.56
5151, 0.62
5152, 0.31
5153, 0.62
5154, 0.69
5155, 0.56
5156, 0.69
5157, 0.50
5158, 0.44
5159, 0.38
5160, 0.50
5161, 0.31
5162, 0.75
5163, 0.56
5164, 0.56
5165, 0.56
5166, 0.69
5167, 0.38
5168, 0.56
5169, 0.62
5170, 0.56
5171, 0.81
5172, 0.56
5173, 0.38
5174, 0.75
5175, 0.56
5176, 0.88
5177, 0.44
5178, 0.31
5179, 0.44
5180, 0.50
5181, 0.75
5182, 0.19
5183, 0.31
5184, 0.56
5185, 0.94
5186, 0.31
5187, 0.38
5188, 0.31
5189, 0.19
5190, 0.62
5191, 0.50
5192, 0.25
5193, 0.44
5194, 0.25
5195, 0.62
5196, 0.44
5197, 0.38
5198, 0.56
5199, 0.19
5200, 0.62
5201, 0.81
5202, 0.44
5203, 0.38
5204, 0.50
5205, 0.81
5206, 0.44
5207, 0.56
5208, 0.50
5209, 0.62
5210, 0.50
5211, 0.62
5212, 0.38
5213, 0.81
5214, 0.44
5215, 0.44
5216, 0.25
5217, 0.62
5218, 0.25
5219, 0.31
5220, 0.69
5221, 0.56
5222, 0.50
5223, 0.31
5224, 0.38
5225, 0.50
5226, 0.25
5227, 0.31
5228, 0.50
5229, 0.25
5230, 0.31
5231, 0.62
5232, 0.62
5233, 0.69
5234, 0.06
5235, 0.75
5236, 0.38
5237, 0.50
5238, 0.19
5239, 0.62
5240, 0.81
5241, 0.88
5242, 0.19
5243, 0.69
5244, 1.00
5245, 0.25
5246, 0.88
5247, 0.94
5248, 0.69
5249, 0.44
5250, 0.56
5251, 0.19
5252, 0.56
5253, 0.19
5254, 0.19
5255, 0.50
5256, 0.31
5257, 0.00
5258, 0.50
5259, 0.75
5260, 0.25
5261, 0.94
5262, 0.56
5263, 0.94
5264, 0.56
5265, 0.50
5266, 0.25
5267, 0.88
5268, 0.25
5269, 0.62
5270, 0.50
5271, 0.50
5272, 0.94
5273, 0.31
5274, 0.56
5275, 0.81
5276, 0.50
5277, 0.44
5278, 0.38
5279, 0.50
5280, 0.69
5281, 0.88
5282, 0.19
5283, 0.94
5284, 0.69
5285, 0.69
5286, 0.12
5287, 0.56
5288, 0.94
5289, 0.44
5290, 0.50
5291, 0.88
5292, 0.31
5293, 0.56
5294, 0.38
5295, 0.44
5296, 0.25
5297, 0.38
5298, 0.62
5299, 0.88
5300, 0.81
5301, 0.31
5302, 0.31
5303, 0.81
5304, 0.75
5305, 0.69
5306, 0.56
5307, 0.75
5308, 0.94
5309, 0.62
5310, 0.31
5311, 0.38
5312, 0.31
5313, 0.44
5314, 0.81
5315, 0.81
5316, 0.56
5317, 0.00
5318, 0.19
5319, 0.75
5320, 0.69
5321, 0.50
5322, 0.56
5323, 0.38
5324, 0.62
5325, 0.31
5326, 0.44
5327, 0.44
5328, 0.56
5329, 0.38
5330, 0.31
5331, 0.44
5332, 0.56
5333, 0.44
5334, 0.50
5335, 0.69
5336, 0.62
5337, 0.25
5338, 0.31
5339, 0.50
5340, 0.31
5341, 0.69
5342, 0.31
5343, 0.69
5344, 0.12
5345, 0.50
5346, 0.25
5347, 0.56
5348, 0.50
5349, 0.44
5350, 0.75
5351, 0.62
5352, 0.56
5353, 0.44
5354, 0.81
5355, 0.94
5356, 0.94
5357, 0.50
5358, 0.62
5359, 0.56
5360, 0.50
5361, 0.75
5362, 0.56
5363, 0.56
5364, 0.75
5365, 0.38
5366, 0.25
5367, 0.56
5368, 0.50
5369, 0.56
5370, 0.75
5371, 0.69
5372, 0.44
5373, 0.62
5374, 0.50
5375, 0.94
5376, 0.50
5377, 0.62
5378, 0.88
5379, 0.44
5380, 0.44
5381, 0.56
5382, 0.44
5383, 0.56
5384, 0.50
5385, 0.38
5386, 0.56
5387, 0.25
5388, 0.19
5389, 0.50
5390, 0.56
5391, 0.50
5392, 0.56
5393, 0.69
5394, 0.50
5395, 0.62
5396, 0.81
5397, 0.69
5398, 0.38
5399, 0.38
5400, 0.31
5401, 0.69
5402, 0.38
5403, 0.56
5404, 0.50
5405, 0.38
5406, 0.44
5407, 0.44
5408, 0.44
5409, 0.56
5410, 0.19
5411, 0.12
5412, 0.81
5413, 0.50
5414, 0.94
5415, 0.50
5416, 0.38
5417, 0.50
5418, 0.56
5419, 0.81
5420, 0.62
5421, 0.50
5422, 0.31
5423, 1.00
5424, 0.62
5425, 0.62
5426, 0.62
5427, 0.56
5428, 0.44
5429, 0.25
5430, 0.69
5431, 0.56
5432, 0.62
5433, 0.31
5434, 0.81
5435, 0.50
5436, 0.50
5437, 0.31
5438, 0.69
5439, 0.44
5440, 0.50
5441, 0.81
5442, 0.19
5443, 0.25
5444, 0.50
5445, 0.62
5446, 0.75
5447, 0.62
5448, 0.38
5449, 0.44
5450, 0.38
5451, 0.44
5452, 0.38
5453, 0.94
5454, 0.44
5455, 0.69
5456, 0.62
5457, 0.88
5458, 0.69
5459, 0.94
5460, 0.75
5461, 0.44
5462, 0.50
5463, 0.69
5464, 0.56
5465, 0.19
5466, 0.56
5467, 0.31
5468, 0.38
5469, 0.25
5470, 0.25
5471, 0.44
5472, 0.94
5473, 0.50
5474, 0.44
5475, 0.44
5476, 0.25
5477, 0.50
5478, 0.44
5479, 0.94
5480, 0.38
5481, 0.31
5482, 0.56
5483, 0.56
5484, 0.25
5485, 0.06
5486, 0.50
5487, 0.81
5488, 0.19
5489, 0.62
5490, 0.94
5491, 0.75
5492, 0.62
5493, 0.44
5494, 0.44
5495, 0.56
5496, 1.00
5497, 0.44
5498, 0.50
5499, 0.31
5500, 0.69
5501, 0.44
5502, 0.56
5503, 0.38
5504, 0.31
5505, 0.62
5506, 0.56
5507, 0.38
5508, 0.62
5509, 0.38
5510, 0.75
5511, 0.56
5512, 0.62
5513, 0.62
5514, 0.94
5515, 0.31
5516, 0.62
5517, 0.25
5518, 0.31
5519, 0.62
5520, 0.56
5521, 0.25
5522, 0.38
5523, 0.38
5524, 0.56
5525, 0.44
5526, 0.19
5527, 0.31
5528, 0.38
5529, 0.44
5530, 0.50
5531, 0.25
5532, 0.69
5533, 0.50
5534, 0.44
5535, 0.38
5536, 0.75
5537, 0.56
5538, 0.69
5539, 0.25
5540, 0.12
5541, 0.12
5542, 0.81
5543, 0.94
5544, 0.94
5545, 0.56
5546, 0.38
5547, 0.56
5548, 0.44
5549, 0.31
5550, 0.50
5551, 0.62
5552, 0.38
5553, 0.31
5554, 0.75
5555, 0.44
5556, 0.25
5557, 0.62
5558, 0.31
5559, 0.62
5560, 0.50
5561, 0.06
5562, 0.81
5563, 0.44
5564, 0.38
5565, 0.38
5566, 0.31
5567, 0.19
5568, 0.38
5569, 0.44
5570, 0.44
5571, 0.62
5572, 0.81
5573, 0.94
5574, 0.31
5575, 0.44
5576, 0.75
5577, 0.31
5578, 0.62
5579, 0.31
5580, 0.44
5581, 0.50
5582, 0.50
5583, 0.69
5584, 0.38
5585, 0.81
5586, 0.38
5587, 0.62
5588, 0.62
5589, 0.44
5590, 0.56
5591, 0.69
5592, 0.31
5593, 0.50
5594, 0.56
5595, 0.62
5596, 0.50
5597, 0.38
5598, 0.69
5599, 0.88
5600, 0.62
5601, 0.31
5602, 0.56
5603, 0.31
5604, 0.38
5605, 0.75
5606, 0.31
5607, 0.44
5608, 0.06
5609, 0.31
5610, 0.44
5611, 0.31
5612, 0.12
5613, 0.69
5614, 0.50
5615, 0.25
5616, 0.25
5617, 0.50
5618, 0.44
5619, 0.38
5620, 0.38
5621, 1.00
5622, 0.31
5623, 0.50
5624, 0.44
5625, 0.75
5626, 0.81
5627, 0.50
5628, 0.62
5629, 0.19
5630, 0.38
5631, 0.31
5632, 0.31
5633, 0.94
5634, 0.38
5635, 0.56
5636, 0.19
5637, 0.25
5638, 0.50
5639, 0.56
5640, 0.44
5641, 0.62
5642, 0.69
5643, 0.56
5644, 0.69
5645, 0.12
5646, 0.19
5647, 0.69
5648, 0.62
5649, 0.50
5650, 0.62
5651, 0.31
5652, 0.56
5653, 0.50
5654, 0.62
5655, 0.44
5656, 0.44
5657, 0.44
5658, 1.00
5659, 0.75
5660, 0.94
5661, 0.44
5662, 0.88
5663, 0.38
5664, 0.62
5665, 0.75
5666, 0.62
5667, 0.44
5668, 0.62
5669, 0.56
5670, 0.56
5671, 0.44
5672, 0.50
5673, 0.25
5674, 0.31
5675, 0.56
5676, 0.69
5677, 0.50
5678, 0.31
5679, 0.75
5680, 0.19
5681, 0.19
5682, 0.25
5683, 0.31
5684, 0.62
5685, 0.25
5686, 0.31
5687, 0.75
5688, 0.81
5689, 0.38
5690, 0.12
5691, 0.31
5692, 0.44
5693, 0.31
5694, 0.50
5695, 0.12
5696, 0.44
5697, 0.31
5698, 0.38
5699, 0.44
5700, 0.25
5701, 1.00
5702, 0.56
5703, 0.94
5704, 0.88
5705, 0.69
5706, 0.75
5707, 0.38
5708, 0.56
5709, 0.88
5710, 1.00
5711, 0.44
5712, 0.50
5713, 0.44
5714, 0.56
5715, 0.69
5716, 0.38
5717, 0.50
5718, 0.62
5719, 0.44
5720, 0.50
5721, 0.44
5722, 0.56
5723, 0.62
5724, 0.50
5725, 0.38
5726, 0.50
5727, 0.12
5728, 0.44
5729, 0.31
5730, 0.44
5731, 0.19
5732, 0.19
5733, 0.75
5734, 0.19
5735, 0.19
5736, 0.75
5737, 0.31
5738, 0.44
5739, 0.81
5740, 0.12
5741, 0.56
5742, 0.38
5743, 0.31
5744, 0.12
5745, 0.94
5746, 0.44
5747, 0.62
5748, 0.25
5749, 0.88
5750, 0.44
5751, 0.88
5752, 0.44
5753, 0.62
5754, 0.56
5755, 0.62
5756, 1.00
5757, 0.56
5758, 0.56
5759, 0.38
5760, 0.19
5761, 0.38
5762, 0.56
5763, 0.56
5764, 0.50
5765, 0.50
5766, 0.56
5767, 0.56
5768, 0.38
5769, 0.81
5770, 0.62
5771, 0.69
5772, 0.62
5773, 0.56
5774, 0.50
5775, 0.50
5776, 0.44
5777, 0.69
5778, 0.25
5779, 0.62
5780, 0.44
5781, 0.38
5782, 0.62
5783, 0.19
5784, 0.44
5785, 0.62
5786, 0.69
5787, 0.81
5788, 0.75
5789, 0.19
5790, 0.81
5791, 0.50
5792, 0.25
5793, 0.50
5794, 0.31
5795, 0.31
5796, 0.19
5797, 0.38
5798, 0.38
5799, 0.50
5800, 0.31
5801, 0.50
5802, 0.50
5803, 0.31
5804, 0.62
5805, 0.56
5806, 0.62
5807, 0.69
5808, 0.25
5809, 0.38
5810, 0.50
5811, 0.44
5812, 0.56
5813, 0.50
5814, 0.75
5815, 0.25
5816, 0.56
5817, 0.62
5818, 1.00
5819, 0.50
5820, 0.56
5821, 0.56
5822, 0.88
5823, 0.44
5824, 0.31
5825, 0.56
5826, 0.88
5827, 0.38
5828, 0.50
5829, 0.44
5830, 0.56
5831, 0.62
5832, 0.44
5833, 0.44
5834, 0.25
5835, 0.12
5836, 0.38
5837, 0.19
5838, 0.56
5839, 0.62
5840, 0.50
5841, 0.62
5842, 0.50
5843, 0.75
5844, 0.38
5845, 0.62
5846, 0.56
5847, 0.38
5848, 0.00
5849, 0.25
5850, 0.44
5851, 0.56
5852, 0.50
5853, 0.56
5854, 0.38
5855, 0.38
5856, 0.38
5857, 0.88
5858, 0.50
5859, 0.50
5860, 0.31
5861, 0.56
5862, 0.44
5863, 0.62
5864, 0.69
5865, 0.50
5866, 0.44
5867, 0.56
5868, 0.44
5869, 0.50
5870, 0.69
5871, 0.69
5872, 0.75
5873, 0.75
5874, 0.81
5875, 0.50
5876, 0.50
5877, 1.00
5878, 0.50
5879, 0.50
5880, 0.69
5881, 0.12
5882, 0.12
5883, 0.81
5884, 0.94
5885, 0.31
5886, 0.81
5887, 0.56
5888, 0.50
5889, 0.88
5890, 0.62
5891, 0.31
5892, 0.50
5893, 0.12
5894, 0.50
5895, 0.31
5896, 0.56
5897, 0.38
5898, 0.62
5899, 0.56
5900, 0.19
5901, 0.69
5902, 0.44
5903, 0.62
5904, 0.12
5905, 1.00
5906, 0.50
5907, 0.50
5908, 0.44
5909, 0.38
5910, 0.81
5911, 0.25
5912, 0.31
5913, 0.62
5914, 0.50
5915, 0.44
5916, 0.62
5917, 0.50
5918, 0.31
5919, 0.62
5920, 0.31
5921, 0.62
5922, 0.38
5923, 0.88
5924, 0.12
5925, 0.50
5926, 0.56
5927, 0.25
5928, 0.25
5929, 0.50
5930, 0.31
5931, 0.38
5932, 0.88
5933, 1.00
5934, 0.44
5935, 0.50
5936, 0.25
5937, 0.50
5938, 0.56
5939, 0.38
5940, 0.44
5941, 0.56
5942, 0.62
5943, 0.62
5944, 0.75
5945, 0.94
5946, 0.44
5947, 0.44
5948, 0.38
5949, 0.81
5950, 0.44
5951, 0.56
5952, 0.44
5953, 0.31
5954, 0.56
5955, 0.56
5956, 0.50
5957, 0.38
5958, 0.50
5959, 0.31
5960, 0.44
5961, 0.19
5962, 0.38
5963, 0.56
5964, 1.00
5965, 0.31
5966, 0.94
5967, 0.44
5968, 0.50
5969, 0.38
5970, 0.38
5971, 0.69
5972, 0.81
5973, 0.44
5974, 0.62
5975, 0.31
5976, 0.00
5977, 0.00
5978, 0.25
5979, 0.38
5980, 0.62
5981, 0.44
5982, 0.56
5983, 0.50
5984, 0.44
5985, 0.44
5986, 0.56
5987, 0.44
5988, 0.62
5989, 0.44
5990, 0.81
5991, 0.88
5992, 0.25
5993, 0.50
5994, 0.50
5995, 0.88
5996, 0.44
5997, 0.44
5998, 0.44
5999, 0.50
6000, 0.94
6001, 0.44
6002, 0.94
6003, 0.94
6004, 0.44
6005, 0.50
6006, 0.69
6007, 0.50
6008, 0.62
6009, 0.69
6010, 0.31
6011, 0.56
6012, 0.44
6013, 0.44
6014, 0.44
6015, 0.38
6016, 0.44
6017, 0.25
6018, 0.50
6019, 0.38
6020, 0.19
6021, 0.31
6022, 0.19
6023, 0.75
6024, 0.44
6025, 0.50
6026, 0.56
6027, 0.62
6028, 0.56
6029, 0.62
6030, 0.44
6031, 0.19
6032, 0.75
6033, 0.56
6034, 0.62
6035, 0.56
6036, 0.88
6037, 0.44
6038, 0.31
6039, 0.31
6040, 0.44
6041, 0.31
6042, 0.31
6043, 0.56
6044, 0.56
6045, 0.56
6046, 0.75
6047, 0.75
6048, 0.62
6049, 0.50
6050, 0.75
6051, 0.56
6052, 0.56
6053, 0.62
6054, 0.56
6055, 0.56
6056, 0.62
6057, 0.62
6058, 1.00
6059, 0.50
6060, 0.25
6061, 0.56
6062, 0.25
6063, 0.12
6064, 0.69
6065, 0.38
6066, 0.50
6067, 0.50
6068, 0.50
6069, 0.50
6070, 0.44
6071, 0.62
6072, 0.75
6073, 0.75
6074, 0.38
6075, 0.38
6076, 0.50
6077, 0.62
6078, 0.75
6079, 0.19
6080, 0.38
6081, 0.25
6082, 0.19
6083, 0.62
6084, 0.69
6085, 0.56
6086, 0.25
6087, 0.38
6088, 0.25
6089, 0.50
6090, 0.56
6091, 0.50
6092, 0.00
6093, 0.38
6094, 0.56
6095, 0.31
6096, 0.31
6097, 0.38
6098, 0.50
6099, 0.62
6100, 0.38
6101, 0.44
6102, 0.44
6103, 0.88
6104, 0.25
6105, 0.50
6106, 0.56
6107, 0.62
6108, 0.38
6109, 0.50
6110, 0.88
6111, 0.25
6112, 0.44
6113, 0.62
6114, 0.44
6115, 0.38
6116, 0.44
6117, 0.44
6118, 0.56
6119, 0.56
6120, 0.38
6121, 0.81
6122, 0.31
6123, 0.12
6124, 0.56
6125, 0.50
6126, 0.25
6127, 0.38
6128, 0.81
6129, 0.12
6130, 0.31
6131, 0.62
6132, 0.75
6133, 0.50
6134, 0.19
6135, 0.50
6136, 0.31
6137, 0.44
6138, 0.31
6139, 0.94
6140, 0.31
6141, 0.81
6142, 0.75
6143, 0.25
6144, 0.56
6145, 0.56
6146, 0.31
6147, 0.44
6148, 0.56
6149, 0.25
6150, 0.62
6151, 0.38
6152, 0.56
6153, 0.56
6154, 0.62
6155, 0.38
6156, 0.19
6157, 0.69
6158, 0.56
6159, 0.31
6160, 0.44
6161, 0.12
6162, 0.56
6163, 0.44
6164, 0.38
6165, 0.81
6166, 0.38
6167, 0.56
6168, 0.62
6169, 0.25
6170, 0.62
6171, 0.81
6172, 0.69
6173, 0.31
6174, 0.31
6175, 0.31
6176, 0.25
6177, 0.31
6178, 0.25
6179, 0.38
6180, 0.56
6181, 0.06
6182, 0.81
6183, 0.44
6184, 0.25
6185, 0.62
6186, 0.50
6187, 0.44
6188, 0.50
6189, 0.44
6190, 0.56
6191, 0.75
6192, 0.31
6193, 0.88
6194, 0.44
6195, 0.56
6196, 0.62
6197, 1.00
6198, 0.50
6199, 0.62
6200, 0.44
6201, 0.38
6202, 0.25
6203, 0.62
6204, 0.75
6205, 0.75
6206, 0.81
6207, 0.31
6208, 0.38
6209, 0.38
6210, 0.56
6211, 0.19
6212, 0.50
6213, 0.44
6214, 0.50
6215, 0.12
6216, 0.31
6217, 0.62
6218, 0.25
6219, 0.44
6220, 0.19
6221, 0.56
6222, 0.44
6223, 0.94
6224, 0.44
6225, 0.38
6226, 0.50
6227, 0.75
6228, 0.44
6229, 0.88
6230, 0.88
6231, 0.50
6232, 0.06
6233, 0.62
6234, 0.88
6235, 0.19
6236, 0.69
6237, 0.56
6238, 0.44
6239, 0.75
6240, 0.50
6241, 0.56
6242, 0.44
6243, 0.56
6244, 0.44
6245, 0.44
6246, 0.56
6247, 0.81
6248, 0.50
6249, 0.25
6250, 0.56
6251, 0.56
6252, 0.31
6253, 0.69
6254, 0.38
6255, 0.62
6256, 0.50
6257, 0.50
6258, 0.31
6259, 0.56
6260, 0.38
6261, 0.56
6262, 0.38
6263, 0.62
6264, 0.38
6265, 0.50
6266, 1.00
6267, 0.56
6268, 0.62
6269, 0.38
6270, 0.31
6271, 0.75
6272, 0.31
6273, 0.19
6274, 0.38
6275, 0.50
6276, 0.38
6277, 0.50
6278, 0.75
6279, 0.44
6280, 0.88
6281, 0.44
6282, 0.44
6283, 0.25
6284, 0.56
6285, 0.56
6286, 0.44
6287, 0.56
6288, 0.88
6289, 0.38
6290, 0.69
6291, 0.44
6292, 0.31
6293, 0.31
6294, 0.88
6295, 0.94
6296, 0.94
6297, 0.44
6298, 0.31
6299, 0.88
6300, 0.44
6301, 0.62
6302, 0.50
6303, 0.25
6304, 0.94
6305, 0.56
6306, 0.56
6307, 0.50
6308, 0.31
6309, 0.62
6310, 0.56
6311, 0.62
6312, 0.12
6313, 0.31
6314, 0.25
6315, 0.44
6316, 0.88
6317, 0.44
6318, 0.44
6319, 0.38
6320, 0.88
6321, 0.56
6322, 0.62
6323, 0.25
6324, 0.88
6325, 0.50
6326, 0.31
6327, 0.75
6328, 0.56
6329, 0.38
6330, 0.69
6331, 0.56
6332, 0.62
6333, 0.38
6334, 0.25
6335, 0.56
6336, 0.50
6337, 0.38
6338, 0.44
6339, 0.38
6340, 0.31
6341, 0.38
6342, 0.56
6343, 0.25
6344, 1.00
6345, 0.50
6346, 0.75
6347, 0.62
6348, 0.56
6349, 0.50
6350, 0.38
6351, 0.50
6352, 0.62
6353, 0.38
6354, 0.44
6355, 0.31
6356, 0.44
6357, 0.75
6358, 0.44
6359, 0.81
6360, 1.00
6361, 0.38
6362, 0.50
6363, 0.50
6364, 0.50
6365, 0.12
6366, 0.25
6367, 0.50
6368, 0.25
6369, 0.69
6370, 0.31
6371, 1.00
6372, 0.31
6373, 0.50
6374, 0.38
6375, 0.25
6376, 0.75
6377, 0.56
6378, 0.69
6379, 0.69
6380, 0.19
6381, 0.62
6382, 0.50
6383, 0.62
6384, 0.44
6385, 0.56
6386, 0.56
6387, 0.25
6388, 0.75
6389, 0.50
6390, 0.38
6391, 0.44
6392, 0.62
6393, 0.69
6394, 0.25
6395, 0.50
6396, 1.00
6397, 0.50
6398, 0.50
6399, 0.38
6400, 0.44
6401, 0.25
6402, 0.12
6403, 0.56
6404, 0.88
6405, 0.56
6406, 0.38
6407, 0.69
6408, 0.25
6409, 0.44
6410, 0.62
6411, 0.38
6412, 0.62
6413, 0.38
6414, 0.50
6415, 0.50
6416, 0.75
6417, 0.25
6418, 0.62
6419, 0.44
6420, 0.44
6421, 0.56
6422, 0.25
6423, 0.31
6424, 0.56
6425, 0.75
6426, 0.69
6427, 0.44
6428, 0.44
6429, 0.62
6430, 0.62
6431, 0.12
6432, 0.50
6433, 0.12
6434, 0.25
6435, 0.31
6436, 0.06
6437, 0.38
6438, 0.38
6439, 0.50
6440, 0.31
6441, 0.62
6442, 0.62
6443, 0.31
6444, 0.19
6445, 0.50
6446, 0.25
6447, 0.56
6448, 0.88
6449, 0.56
6450, 0.31
6451, 0.44
6452, 0.56
6453, 0.56
6454, 0.69
6455, 0.56
6456, 0.81
6457, 0.38
6458, 0.38
6459, 0.62
6460, 0.38
6461, 0.12
6462, 0.19
6463, 0.38
6464, 0.88
6465, 0.62
6466, 0.50
6467, 0.94
6468, 0.88
6469, 0.56
6470, 0.19
6471, 0.38
6472, 0.56
6473, 0.38
6474, 0.50
6475, 0.56
6476, 0.75
6477, 0.50
6478, 0.12
6479, 0.50
6480, 0.38
6481, 0.44
6482, 0.50
6483, 0.25
6484, 0.50
6485, 0.44
6486, 0.19
6487, 0.44
6488, 0.81
6489, 0.25
6490, 0.31
6491, 0.44
6492, 0.31
6493, 0.62
6494, 0.44
6495, 0.50
6496, 0.75
6497, 0.56
6498, 0.62
6499, 0.38
6500, 0.44
6501, 0.69
6502, 0.44
6503, 0.19
6504, 0.31
6505, 0.31
6506, 0.56
6507, 0.44
6508, 0.50
6509, 0.56
6510, 0.38
6511, 0.88
6512, 1.00
6513, 0.31
6514, 0.50
6515, 0.62
6516, 0.31
6517, 0.25
6518, 0.44
6519, 0.69
6520, 0.38
6521, 0.62
6522, 0.62
6523, 0.69
6524, 0.50
6525, 0.62
6526, 0.56
6527, 0.81
6528, 0.56
6529, 0.44
6530, 0.81
6531, 0.12
6532, 0.31
6533, 0.12
6534, 0.69
6535, 0.19
6536, 0.62
6537, 0.50
6538, 0.38
6539, 0.62
6540, 0.50
6541, 0.50
6542, 0.31
6543, 0.81
6544, 0.56
6545, 0.38
6546, 0.44
6547, 0.62
6548, 0.31
6549, 1.00
6550, 0.56
6551, 0.62
6552, 0.31
6553, 0.38
6554, 0.56
6555, 0.56
6556, 0.38
6557, 0.75
6558, 0.69
6559, 0.69
6560, 0.19
6561, 0.62
6562, 0.62
6563, 0.38
6564, 0.56
6565, 0.38
6566, 0.38
6567, 0.88
6568, 0.44
6569, 0.31
6570, 0.38
6571, 0.75
6572, 0.62
6573, 0.31
6574, 1.00
6575, 0.44
6576, 0.19
6577, 0.44
6578, 0.50
6579, 0.56
6580, 0.25
6581, 0.56
6582, 0.31
6583, 0.81
6584, 0.81
6585, 0.44
6586, 0.69
6587, 0.12
6588, 0.44
6589, 0.12
6590, 0.31
6591, 0.44
6592, 0.75
6593, 0.25
6594, 0.25
6595, 0.88
6596, 0.25
6597, 0.62
6598, 0.56
6599, 0.50
6600, 0.50
6601, 0.44
6602, 0.81
6603, 0.56
6604, 0.50
6605, 0.12
6606, 0.38
6607, 0.38
6608, 0.69
6609, 0.38
6610, 0.25
6611, 0.38
6612, 0.31
6613, 0.38
6614, 0.19
6615, 0.50
6616, 0.50
6617, 0.69
6618, 0.44
6619, 0.75
6620, 0.25
6621, 0.50
6622, 0.44
6623, 0.31
6624, 0.56
6625, 0.56
6626, 0.56
6627, 0.31
6628, 0.50
6629, 0.81
6630, 0.75
6631, 0.69
6632, 0.88
6633, 0.56
6634, 0.56
6635, 0.94
6636, 0.38
6637, 0.56
6638, 0.38
6639, 0.81
6640, 0.56
6641, 0.94
6642, 0.44
6643, 0.31
6644, 0.19
6645, 0.25
6646, 0.25
6647, 0.38
6648, 0.56
6649, 0.56
6650, 0.19
6651, 0.81
6652, 0.25
6653, 0.44
6654, 0.31
6655, 0.56
6656, 0.38
6657, 0.56
6658, 0.44
6659, 0.62
6660, 0.62
6661, 0.62
6662, 0.56
6663, 0.56
6664, 0.62
6665, 0.31
6666, 0.31
6667, 0.38
6668, 0.62
6669, 0.50
6670, 0.62
6671, 0.75
6672, 0.62
6673, 0.19
6674, 0.56
6675, 0.38
6676, 0.31
6677, 0.62
6678, 0.56
6679, 0.50
6680, 0.50
6681, 0.88
6682, 0.56
6683, 0.56
6684, 0.62
6685, 0.44
6686, 0.38
6687, 0.38
6688, 0.56
6689, 0.94
6690, 0.69
6691, 0.38
6692, 0.75
6693, 0.56
6694, 0.62
6695, 0.38
6696, 0.81
6697, 0.75
6698, 0.56
6699, 0.62
6700, 0.44
6701, 0.38
6702, 0.12
6703, 0.56
6704, 0.44
6705, 0.19
6706, 0.44
6707, 0.56
6708, 0.69
6709, 0.31
6710, 0.25
6711, 0.56
6712, 0.50
6713, 0.50
6714, 0.50
6715, 0.38
6716, 0.62
6717, 0.50
6718, 0.44
6719, 0.38
6720, 0.44
6721, 0.44
6722, 0.44
6723, 0.69
6724, 0.19
6725, 0.62
6726, 0.38
6727, 0.56
6728, 0.12
6729, 0.69
6730, 0.69
6731, 0.38
6732, 0.62
6733, 0.56
6734, 0.62
6735, 0.31
6736, 0.31
6737, 0.50
6738, 0.44
6739, 0.44
6740, 0.44
6741, 0.38
6742, 0.38
6743, 0.62
6744, 0.88
6745, 0.94
6746, 0.38
6747, 0.31
6748, 0.56
6749, 0.62
6750, 0.56
6751, 0.56
6752, 0.62
6753, 0.38
6754, 0.56
6755, 0.19
6756, 0.62
6757, 0.69
6758, 0.56
6759, 0.31
6760, 0.56
6761, 0.25
6762, 0.62
6763, 0.56
6764, 0.50
6765, 0.44
6766, 0.25
6767, 0.38
6768, 0.44
6769, 0.50
6770, 0.81
6771, 0.62
6772, 0.81
6773, 0.12
6774, 0.38
6775, 0.50
6776, 0.75
6777, 0.75
6778, 0.44
6779, 0.50
6780, 0.50
6781, 0.94
6782, 0.50
6783, 0.38
6784, 0.88
6785, 0.62
6786, 0.50
6787, 0.56
6788, 0.56
6789, 0.75
6790, 0.50
6791, 0.62
6792, 1.00
6793, 0.25
6794, 0.25
6795, 0.38
6796, 0.81
6797, 0.25
6798, 0.62
6799, 0.25
6800, 0.88
6801, 1.00
6802, 0.44
6803, 0.56
6804, 0.06
6805, 0.81
6806, 0.62
6807, 0.56
6808, 0.19
6809, 0.62
6810, 0.19
6811, 0.56
6812, 0.50
6813, 0.50
6814, 0.44
6815, 0.50
6816, 0.56
6817, 0.56
6818, 0.50
6819, 0.56
6820, 0.44
6821, 0.88
6822, 0.12
6823, 0.44
6824, 0.50
6825, 0.88
6826, 0.75
6827, 0.38
6828, 0.38
6829, 0.62
6830, 0.38
6831, 0.62
6832, 0.44
6833, 0.81
6834, 0.62
6835, 0.38
6836, 0.56
6837, 0.19
6838, 0.31
6839, 0.56
6840, 0.12
6841, 0.44
6842, 0.25
6843, 0.69
6844, 0.38
6845, 0.31
6846, 0.38
6847, 0.88
6848, 0.56
6849, 0.56
6850, 0.38
6851, 0.56
6852, 0.31
6853, 0.50
6854, 0.25
6855, 0.50
6856, 0.56
6857, 0.38
6858, 0.31
6859, 0.44
6860, 0.62
6861, 1.00
6862, 0.69
6863, 0.62
6864, 0.31
6865, 0.25
6866, 0.38
6867, 0.56
6868, 0.50
6869, 0.56
6870, 0.44
6871, 0.62
6872, 0.38
6873, 0.56
6874, 0.62
6875, 0.38
6876, 0.56
6877, 0.25
6878, 0.50
6879, 0.25
6880, 0.50
6881, 0.56
6882, 0.69
6883, 0.56
6884, 0.50
6885, 0.56
6886, 0.31
6887, 0.50
6888, 0.31
6889, 0.25
6890, 0.75
6891, 0.62
6892, 0.62
6893, 0.44
6894, 0.69
6895, 0.62
6896, 0.12
6897, 0.81
6898, 0.31
6899, 0.44
6900, 0.81
6901, 0.31
6902, 0.62
6903, 0.31
6904, 0.44
6905, 0.44
6906, 0.19
6907, 0.44
6908, 0.56
6909, 0.38
6910, 0.44
6911, 0.94
6912, 0.31
6913, 0.50
6914, 0.25
6915, 0.25
6916, 0.44
6917, 0.69
6918, 0.56
6919, 0.44
6920, 0.31
6921, 0.50
6922, 0.62
6923, 0.31
6924, 0.69
6925, 0.19
6926, 0.50
6927, 0.56
6928, 0.44
6929, 0.56
6930, 0.44
6931, 0.75
6932, 0.88
6933, 0.50
6934, 0.50
6935, 0.38
6936, 1.00
6937, 0.56
6938, 0.50
6939, 0.06
6940, 0.56
6941, 0.38
6942, 0.50
6943, 0.62
6944, 0.38
6945, 0.44
6946, 0.44
6947, 0.50
6948, 0.06
6949, 0.94
6950, 0.56
6951, 0.94
6952, 0.50
6953, 0.44
6954, 0.81
6955, 0.25
6956, 0.25
6957, 0.44
6958, 0.06
6959, 0.38
6960, 0.38
6961, 0.88
6962, 0.31
6963, 0.50
6964, 0.44
6965, 0.75
6966, 0.19
6967, 0.75
6968, 0.38
6969, 0.62
6970, 0.56
6971, 0.50
6972, 0.56
6973, 0.44
6974, 0.44
6975, 0.81
6976, 0.50
6977, 0.25
6978, 0.69
6979, 0.25
6980, 0.38
6981, 0.50
6982, 0.50
6983, 0.94
6984, 0.44
6985, 0.06
6986, 0.44
6987, 0.56
6988, 0.50
6989, 0.38
6990, 0.69
6991, 0.75
6992, 0.38
6993, 0.38
6994, 0.81
6995, 1.00
6996, 0.44
6997, 0.88
6998, 0.31
6999, 0.56
7000, 0.38
7001, 0.50
7002, 0.50
7003, 0.81
7004, 0.88
7005, 0.81
7006, 0.38
7007, 0.31
7008, 0.31
7009, 0.38
7010, 0.25
7011, 0.25
7012, 0.44
7013, 0.88
7014, 0.56
7015, 0.31
7016, 0.44
7017, 0.25
7018, 0.25
7019, 0.50
7020, 0.44
7021, 0.56
7022, 0.25
7023, 0.81
7024, 0.56
7025, 0.50
7026, 0.62
7027, 0.38
7028, 0.56
7029, 0.56
7030, 0.38
7031, 0.25
7032, 0.31
7033, 0.12
7034, 0.56
7035, 0.56
7036, 0.62
7037, 0.25
7038, 0.31
7039, 0.44
7040, 0.56
7041, 0.62
7042, 0.31
7043, 0.25
7044, 0.62
7045, 0.56
7046, 0.50
7047, 0.31
7048, 0.69
7049, 0.25
7050, 0.38
7051, 0.56
7052, 0.38
7053, 0.44
7054, 0.44
7055, 0.44
7056, 0.19
7057, 0.50
7058, 0.44
7059, 0.38
7060, 0.50
7061, 0.56
7062, 0.31
7063, 0.38
7064, 0.44
7065, 0.81
7066, 0.81
7067, 0.62
7068, 0.31
7069, 0.50
7070, 0.75
7071, 0.69
7072, 0.94
7073, 0.12
7074, 0.44
7075, 0.19
7076, 0.56
7077, 0.56
7078, 0.62
7079, 0.50
7080, 0.94
7081, 0.31
7082, 0.38
7083, 0.38
7084, 0.38
7085, 0.31
7086, 0.56
7087, 0.75
7088, 0.56
7089, 0.50
7090, 0.56
7091, 0.31
7092, 0.50
7093, 0.44
7094, 0.25
7095, 0.56
7096, 0.38
7097, 0.50
7098, 0.75
7099, 0.19
7100, 0.31
7101, 0.38
7102, 0.62
7103, 0.62
7104, 0.44
7105, 0.44
7106, 0.94
7107, 0.50
7108, 0.44
7109, 0.62
7110, 0.00
7111, 0.50
7112, 0.31
7113, 0.44
7114, 0.50
7115, 0.62
7116, 0.19
7117, 0.69
7118, 0.62
7119, 0.38
7120, 0.56
7121, 0.38
7122, 0.56
7123, 0.88
7124, 0.50
7125, 0.69
7126, 0.25
7127, 0.19
7128, 0.56
7129, 0.38
7130, 0.94
7131, 0.69
7132, 0.44
7133, 0.19
7134, 0.56
7135, 0.56
7136, 0.31
7137, 0.38
7138, 0.62
7139, 0.31
7140, 0.56
7141, 0.25
7142, 0.62
7143, 0.62
7144, 0.44
7145, 0.50
7146, 0.44
7147, 0.50
7148, 0.69
7149, 0.75
7150, 0.50
7151, 0.62
7152, 0.25
7153, 0.56
7154, 0.56
7155, 0.56
7156, 0.25
7157, 0.69
7158, 0.50
7159, 0.69
7160, 0.50
7161, 0.12
7162, 0.06
7163, 0.50
7164, 0.75
7165, 0.50
7166, 1.00
7167, 0.38
7168, 0.31
7169, 0.31
7170, 0.56
7171, 0.31
7172, 0.38
7173, 0.69
7174, 0.31
7175, 0.38
7176, 0.62
7177, 0.25
7178, 0.56
7179, 1.00
7180, 0.81
7181, 1.00
7182, 0.38
7183, 1.00
7184, 0.81
7185, 0.38
7186, 0.44
7187, 0.38
7188, 0.50
7189, 0.12
7190, 0.38
7191, 0.50
7192, 0.94
7193, 0.56
7194, 0.38
7195, 0.56
7196, 0.12
7197, 0.19
7198, 0.50
7199, 0.12
7200, 1.00
7201, 0.38
7202, 0.56
7203, 0.50
7204, 0.56
7205, 0.56
7206, 0.38
7207, 0.31
7208, 0.56
7209, 0.31
7210, 0.50
7211, 0.56
7212, 0.31
7213, 0.38
7214, 0.75
7215, 0.25
7216, 0.94
7217, 0.62
7218, 0.56
7219, 0.38
7220, 0.62
7221, 0.50
7222, 0.94
7223, 0.31
7224, 0.44
7225, 0.69
7226, 0.50
7227, 0.38
7228, 0.19
7229, 0.19
7230, 0.50
7231, 0.44
7232, 0.50
7233, 0.62
7234, 0.56
7235, 0.31
7236, 0.38
7237, 0.38
7238, 0.38
7239, 0.62
7240, 0.25
7241, 0.56
7242, 0.38
7243, 0.44
7244, 0.19
7245, 0.56
7246, 0.75
7247, 0.31
7248, 0.38
7249, 0.56
7250, 0.38
7251, 0.44
7252, 0.69
7253, 0.44
7254, 0.69
7255, 0.94
7256, 0.62
7257, 0.62
7258, 0.94
7259, 0.38
7260, 0.38
7261, 0.25
7262, 0.56
7263, 0.25
7264, 0.25
7265, 0.19
7266, 0.31
7267, 0.75
7268, 0.81
7269, 0.44
7270, 0.50
7271, 0.50
7272, 0.75
7273, 0.75
7274, 0.81
7275, 0.94
7276, 0.69
7277, 0.25
7278, 0.62
7279, 0.44
7280, 0.38
7281, 0.56
7282, 0.75
7283, 0.56
7284, 0.44
7285, 0.62
7286, 0.69
7287, 1.00
7288, 0.50
7289, 0.69
7290, 0.44
7291, 0.62
7292, 0.56
7293, 0.44
7294, 0.31
7295, 0.50
7296, 0.50
7297, 0.56
7298, 0.75
7299, 0.50
7300, 0.50
7301, 0.56
7302, 0.50
7303, 0.50
7304, 0.19
7305, 1.00
7306, 0.38
7307, 0.44
7308, 0.12
7309, 0.31
7310, 0.94
7311, 0.25
7312, 0.31
7313, 0.56
7314, 0.50
7315, 0.44
7316, 0.44
7317, 0.50
7318, 0.50
7319, 0.69
7320, 0.69
7321, 0.50
7322, 0.94
7323, 0.31
7324, 0.69
7325, 0.56
7326, 0.44
7327, 0.50
7328, 0.50
7329, 0.56
7330, 0.38
7331, 0.44
7332, 0.69
7333, 0.62
7334, 0.56
7335, 0.62
7336, 0.62
7337, 0.25
7338, 0.25
7339, 0.62
7340, 0.50
7341, 0.56
7342, 0.94
7343, 0.56
7344, 0.31
7345, 0.25
7346, 0.31
7347, 0.88
7348, 0.25
7349, 0.88
7350, 0.50
7351, 0.31
7352, 0.50
7353, 0.62
7354, 0.81
7355, 0.94
7356, 0.88
7357, 0.50
7358, 0.25
7359, 0.31
7360, 0.56
7361, 0.19
7362, 0.69
7363, 0.38
7364, 0.44
7365, 0.31
7366, 0.50
7367, 0.94
7368, 0.31
7369, 0.81
7370, 0.38
7371, 0.31
7372, 0.19
7373, 0.88
7374, 0.31
7375, 0.50
7376, 0.75
7377, 0.19
7378, 0.38
7379, 0.56
7380, 0.69
7381, 0.31
7382, 0.44
7383, 0.44
7384, 0.94
7385, 0.38
7386, 0.44
7387, 0.56
7388, 0.44
7389, 0.75
7390, 0.69
7391, 0.50
7392, 0.50
7393, 0.38
7394, 0.62
7395, 0.50
7396, 0.81
7397, 0.75
7398, 0.44
7399, 0.69
7400, 0.62
7401, 0.62
7402, 0.38
7403, 0.50
7404, 0.38
7405, 0.56
7406, 0.75
7407, 0.56
7408, 0.62
7409, 0.12
7410, 0.50
7411, 0.12
7412, 0.56
7413, 0.56
7414, 0.56
7415, 0.50
7416, 0.50
7417, 0.56
7418, 0.12
7419, 0.44
7420, 0.94
7421, 0.75
