Id,Predicted
0, 0.31
1, 0.25
2, 0.62
3, 0.56
4, 0.31
5, 0.19
6, 0.50
7, 0.19
8, 0.56
9, 0.75
10, 0.44
11, 0.56
12, 0.25
13, 0.31
14, 0.31
15, 0.81
16, 0.44
17, 0.62
18, 0.25
19, 0.19
20, 0.31
21, 0.69
22, 0.62
23, 0.56
24, 0.56
25, 0.50
26, 0.50
27, 0.44
28, 0.31
29, 0.38
30, 0.62
31, 0.19
32, 0.62
33, 0.25
34, 0.56
35, 0.31
36, 0.50
37, 0.31
38, 0.56
39, 0.44
40, 0.44
41, 0.19
42, 0.25
43, 0.50
44, 0.81
45, 0.50
46, 0.25
47, 0.31
48, 0.56
49, 0.56
50, 0.31
51, 0.19
52, 0.38
53, 0.56
54, 0.44
55, 0.50
56, 0.50
57, 0.38
58, 0.31
59, 0.38
60, 0.69
61, 0.50
62, 0.25
63, 0.75
64, 0.31
65, 0.38
66, 0.31
67, 0.50
68, 0.06
69, 0.25
70, 0.50
71, 0.50
72, 0.69
73, 0.38
74, 0.69
75, 0.44
76, 0.56
77, 0.56
78, 0.25
79, 0.25
80, 0.81
81, 0.44
82, 0.62
83, 0.56
84, 0.44
85, 0.38
86, 0.62
87, 0.56
88, 0.38
89, 0.75
90, 0.25
91, 0.38
92, 0.25
93, 0.56
94, 0.69
95, 0.50
96, 0.25
97, 0.44
98, 0.62
99, 0.38
100, 0.69
101, 0.50
102, 0.12
103, 0.38
104, 0.62
105, 0.44
106, 0.56
107, 0.50
108, 0.38
109, 0.44
110, 0.19
111, 0.31
112, 0.44
113, 0.25
114, 0.62
115, 0.50
116, 0.69
117, 0.25
118, 0.25
119, 0.19
120, 0.12
121, 0.56
122, 0.44
123, 0.38
124, 0.31
125, 0.06
126, 0.44
127, 0.69
128, 0.56
129, 0.50
130, 0.06
131, 0.50
132, 0.00
133, 0.56
134, 0.44
135, 0.62
136, 0.25
137, 0.19
138, 0.25
139, 0.62
140, 0.25
141, 0.44
142, 0.25
143, 0.62
144, 0.50
145, 0.50
146, 0.56
147, 0.38
148, 0.38
149, 0.38
150, 0.44
151, 0.62
152, 0.12
153, 0.19
154, 0.44
155, 0.44
156, 0.25
157, 0.38
158, 0.56
159, 0.38
160, 0.50
161, 0.44
162, 0.31
163, 0.19
164, 0.50
165, 0.44
166, 0.19
167, 0.62
168, 0.44
169, 0.38
170, 0.56
171, 0.44
172, 0.50
173, 0.69
174, 0.56
175, 0.19
176, 0.56
177, 0.31
178, 0.69
179, 0.62
180, 0.31
181, 0.44
182, 0.62
183, 0.31
184, 0.44
185, 0.62
186, 0.44
187, 0.25
188, 0.69
189, 0.25
190, 0.31
191, 0.56
192, 0.50
193, 0.44
194, 0.38
195, 0.19
196, 0.56
197, 0.50
198, 0.19
199, 0.44
200, 0.38
201, 0.50
202, 0.56
203, 0.62
204, 0.81
205, 0.56
206, 0.25
207, 0.31
208, 0.38
209, 0.38
210, 0.62
211, 0.31
212, 0.38
213, 0.31
214, 0.25
215, 0.81
216, 0.62
217, 0.44
218, 0.44
219, 0.19
220, 0.50
221, 0.44
222, 0.62
223, 0.06
224, 0.31
225, 0.50
226, 0.31
227, 0.25
228, 0.50
229, 0.25
230, 0.12
231, 0.12
232, 0.31
233, 0.31
234, 0.31
235, 0.12
236, 0.31
237, 0.12
238, 0.44
239, 0.38
240, 0.31
241, 0.50
242, 0.19
243, 0.31
244, 0.50
245, 0.50
246, 0.31
247, 0.44
248, 0.25
249, 0.12
250, 0.81
251, 0.56
252, 0.50
253, 0.38
254, 0.38
255, 0.31
256, 0.31
257, 0.50
258, 0.50
259, 0.44
260, 0.19
261, 0.25
262, 0.19
263, 0.62
264, 0.44
265, 0.56
266, 0.50
267, 0.31
268, 0.31
269, 0.38
270, 0.62
271, 0.19
272, 0.62
273, 0.44
274, 0.25
275, 0.38
276, 0.31
277, 0.19
278, 0.88
279, 0.31
280, 0.50
281, 0.38
282, 0.62
283, 0.25
284, 0.69
285, 0.38
286, 0.50
287, 0.50
288, 0.56
289, 0.44
290, 0.38
291, 0.56
292, 0.56
293, 0.38
294, 0.38
295, 0.56
296, 0.12
297, 0.31
298, 0.19
299, 0.38
300, 0.19
301, 0.38
302, 0.56
303, 0.56
304, 0.38
305, 0.50
306, 0.56
307, 0.25
308, 0.69
309, 0.75
310, 0.38
311, 0.19
312, 0.88
313, 0.69
314, 0.31
315, 0.38
316, 0.44
317, 0.38
318, 0.44
319, 0.19
320, 0.69
321, 0.56
322, 0.19
323, 0.38
324, 0.50
325, 0.88
326, 0.50
327, 0.44
328, 0.38
329, 0.56
330, 0.62
331, 0.31
332, 0.12
333, 0.25
334, 0.56
335, 0.62
336, 0.31
337, 0.38
338, 0.75
339, 0.44
340, 0.44
341, 0.62
342, 0.38
343, 0.06
344, 0.25
345, 0.62
346, 0.25
347, 0.44
348, 0.12
349, 0.56
350, 0.75
351, 0.38
352, 0.50
353, 0.56
354, 0.31
355, 0.25
356, 0.38
357, 0.38
358, 0.50
359, 0.31
360, 0.44
361, 0.31
362, 0.62
363, 0.38
364, 0.56
365, 0.31
366, 0.50
367, 0.62
368, 0.56
369, 0.44
370, 0.44
371, 0.38
372, 0.38
373, 0.56
374, 0.38
375, 0.31
376, 0.50
377, 0.31
378, 0.38
379, 0.50
380, 0.25
381, 0.44
382, 0.31
383, 0.25
384, 0.44
385, 0.69
386, 0.19
387, 0.25
388, 0.38
389, 0.56
390, 0.81
391, 0.38
392, 0.62
393, 0.25
394, 0.44
395, 0.44
396, 0.38
397, 0.75
398, 0.50
399, 0.50
400, 0.44
401, 0.31
402, 0.38
403, 0.31
404, 0.19
405, 0.31
406, 0.12
407, 0.50
408, 0.25
409, 0.56
410, 0.56
411, 0.44
412, 0.31
413, 0.31
414, 0.12
415, 0.50
416, 0.31
417, 0.38
418, 0.50
419, 0.44
420, 0.31
421, 0.25
422, 0.31
423, 0.50
424, 0.56
425, 0.69
426, 0.31
427, 0.50
428, 0.56
429, 0.12
430, 0.50
431, 0.31
432, 0.50
433, 0.44
434, 0.62
435, 0.19
436, 0.56
437, 0.31
438, 0.56
439, 0.12
440, 0.44
441, 0.31
442, 0.31
443, 0.31
444, 0.25
445, 0.44
446, 0.25
447, 0.12
448, 0.31
449, 0.62
450, 0.56
451, 0.12
452, 0.38
453, 0.06
454, 0.44
455, 0.31
456, 0.31
457, 0.50
458, 0.44
459, 0.62
460, 0.31
461, 0.38
462, 0.44
463, 0.50
464, 0.44
465, 0.31
466, 0.56
467, 0.56
468, 0.56
469, 0.19
470, 0.31
471, 0.50
472, 0.31
473, 0.75
474, 0.56
475, 0.50
476, 0.62
477, 0.50
478, 0.19
479, 0.50
480, 0.69
481, 0.88
482, 0.69
483, 0.25
484, 0.19
485, 0.25
486, 0.31
487, 0.44
488, 0.44
489, 0.50
490, 0.50
491, 0.31
492, 0.56
493, 0.31
494, 0.38
495, 0.31
496, 0.12
497, 0.44
498, 0.38
499, 0.75
500, 0.50
501, 0.44
502, 0.19
503, 0.56
504, 0.56
505, 0.94
506, 0.44
507, 0.56
508, 0.69
509, 0.38
510, 0.62
511, 0.25
512, 0.31
513, 0.44
514, 0.50
515, 0.56
516, 0.19
517, 0.62
518, 0.38
519, 0.38
520, 0.19
521, 0.44
522, 0.12
523, 0.62
524, 0.62
525, 0.25
526, 0.31
527, 0.31
528, 0.38
529, 0.31
530, 0.31
531, 0.31
532, 0.31
533, 0.50
534, 0.19
535, 0.62
536, 0.44
537, 0.31
538, 0.50
539, 0.19
540, 0.81
541, 0.56
542, 0.44
543, 0.56
544, 0.38
545, 0.31
546, 0.75
547, 0.44
548, 0.38
549, 0.31
550, 0.31
551, 0.38
552, 0.69
553, 0.38
554, 0.56
555, 0.44
556, 0.12
557, 0.62
558, 0.50
559, 0.25
560, 0.44
561, 0.44
562, 0.12
563, 0.69
564, 0.69
565, 0.50
566, 0.56
567, 0.75
568, 0.38
569, 0.50
570, 0.44
571, 0.56
572, 0.25
573, 0.06
574, 0.69
575, 0.69
576, 0.31
577, 0.25
578, 0.31
579, 0.56
580, 0.62
581, 0.44
582, 0.62
583, 0.50
584, 0.31
585, 0.44
586, 0.19
587, 0.44
588, 0.31
589, 0.06
590, 0.56
591, 0.50
592, 0.44
593, 0.56
594, 0.50
595, 0.69
596, 0.44
597, 0.31
598, 0.38
599, 0.31
600, 0.56
601, 0.56
602, 0.38
603, 0.38
604, 0.38
605, 0.19
606, 0.25
607, 0.19
608, 0.50
609, 0.44
610, 0.19
611, 0.25
612, 0.25
613, 0.44
614, 0.31
615, 0.38
616, 0.50
617, 0.50
618, 0.50
619, 0.25
620, 0.25
621, 0.31
622, 0.56
623, 0.31
624, 0.44
625, 0.62
626, 0.62
627, 0.25
628, 0.25
629, 0.56
630, 0.44
631, 0.31
632, 0.44
633, 0.31
634, 0.62
635, 0.44
636, 0.62
637, 0.44
638, 0.75
639, 0.50
640, 0.19
641, 0.50
642, 0.25
643, 0.31
644, 0.38
645, 0.25
646, 0.19
647, 0.50
648, 0.25
649, 0.25
650, 0.31
651, 0.75
652, 0.56
653, 0.56
654, 0.56
655, 0.38
656, 0.56
657, 0.31
658, 0.44
659, 0.69
660, 1.00
661, 0.25
662, 0.44
663, 0.31
664, 0.31
665, 0.25
666, 0.56
667, 0.56
668, 0.69
669, 0.88
670, 0.31
671, 0.62
672, 0.62
673, 0.62
674, 0.50
675, 0.75
676, 0.12
677, 0.38
678, 0.25
679, 0.62
680, 0.50
681, 0.56
682, 0.44
683, 0.62
684, 0.69
685, 0.25
686, 0.56
687, 0.31
688, 0.44
689, 0.44
690, 0.50
691, 0.88
692, 0.19
693, 0.31
694, 0.69
695, 0.62
696, 0.31
697, 0.38
698, 0.19
699, 0.50
700, 0.31
701, 0.19
702, 0.50
703, 0.50
704, 0.44
705, 0.25
706, 0.38
707, 0.31
708, 0.50
709, 0.25
710, 0.25
711, 0.56
712, 0.62
713, 0.50
714, 0.50
715, 0.44
716, 0.19
717, 0.38
718, 0.25
719, 0.38
720, 0.31
721, 0.31
722, 0.06
723, 0.38
724, 0.44
725, 0.31
726, 0.69
727, 0.62
728, 0.56
729, 0.50
730, 0.25
731, 0.31
732, 0.69
733, 0.56
734, 0.19
735, 0.25
736, 0.62
737, 0.19
738, 0.44
739, 0.19
740, 0.44
741, 0.12
742, 0.50
743, 0.38
744, 0.38
745, 0.56
746, 0.38
747, 0.31
748, 0.50
749, 0.62
750, 0.50
751, 0.31
752, 0.50
753, 0.69
754, 0.44
755, 0.50
756, 0.56
757, 0.69
758, 0.12
759, 0.31
760, 0.56
761, 0.38
762, 0.31
763, 0.44
764, 0.25
765, 0.25
766, 0.25
767, 0.19
768, 0.19
769, 0.38
770, 0.62
771, 0.38
772, 0.69
773, 0.62
774, 0.56
775, 0.56
776, 0.56
777, 0.25
778, 0.44
779, 0.75
780, 0.44
781, 0.44
782, 0.31
783, 0.25
784, 0.50
785, 0.56
786, 0.31
787, 0.44
788, 0.62
789, 0.12
790, 0.25
791, 0.62
792, 0.50
793, 0.19
794, 0.38
795, 0.44
796, 0.19
797, 0.25
798, 0.50
799, 0.62
800, 0.56
801, 0.56
802, 0.38
803, 0.56
804, 0.50
805, 0.56
806, 0.25
807, 0.62
808, 0.25
809, 0.19
810, 0.50
811, 0.69
812, 0.38
813, 0.38
814, 0.50
815, 0.50
816, 0.69
817, 0.38
818, 0.50
819, 0.56
820, 0.31
821, 0.44
822, 0.94
823, 0.38
824, 0.44
825, 0.25
826, 0.56
827, 0.31
828, 0.56
829, 0.81
830, 0.25
831, 0.50
832, 0.50
833, 0.31
834, 0.50
835, 0.62
836, 0.50
837, 0.31
838, 0.25
839, 0.38
840, 0.25
841, 0.31
842, 0.44
843, 0.31
844, 0.81
845, 0.25
846, 0.50
847, 0.25
848, 0.25
849, 0.62
850, 0.19
851, 0.44
852, 0.25
853, 0.31
854, 0.31
855, 0.25
856, 0.50
857, 0.25
858, 0.31
859, 0.81
860, 0.44
861, 0.44
862, 0.38
863, 0.50
864, 0.31
865, 0.31
866, 0.31
867, 0.25
868, 0.44
869, 0.56
870, 0.56
871, 0.50
872, 0.62
873, 0.69
874, 0.19
875, 0.50
876, 0.38
877, 0.31
878, 0.25
879, 0.44
880, 0.31
881, 0.50
882, 0.44
883, 0.56
884, 0.31
885, 0.44
886, 0.50
887, 0.50
888, 0.50
889, 0.19
890, 0.69
891, 0.56
892, 0.69
893, 0.19
894, 0.81
895, 0.69
896, 0.31
897, 0.50
898, 0.31
899, 0.31
900, 0.44
901, 0.50
902, 0.56
903, 0.50
904, 0.38
905, 0.25
906, 0.19
907, 0.31
908, 0.44
909, 0.44
910, 0.44
911, 0.62
912, 0.44
913, 0.19
914, 0.38
915, 0.38
916, 0.69
917, 0.62
918, 0.50
919, 0.25
920, 0.38
921, 0.44
922, 0.44
923, 0.25
924, 0.62
925, 0.50
926, 0.31
927, 0.56
928, 0.25
929, 0.62
930, 0.38
931, 0.38
932, 0.56
933, 0.62
934, 0.62
935, 0.31
936, 0.62
937, 0.38
938, 0.38
939, 0.44
940, 0.31
941, 0.12
942, 0.25
943, 0.44
944, 0.56
945, 0.31
946, 0.56
947, 0.62
948, 0.31
949, 0.62
950, 0.25
951, 0.31
952, 0.44
953, 0.50
954, 0.31
955, 0.31
956, 0.25
957, 0.44
958, 0.25
959, 0.19
960, 0.31
961, 0.25
962, 0.31
963, 0.50
964, 0.31
965, 0.75
966, 0.31
967, 0.38
968, 0.56
969, 0.62
970, 0.31
971, 0.25
972, 0.31
973, 0.62
974, 0.44
975, 0.25
976, 0.38
977, 0.25
978, 0.62
979, 0.56
980, 0.31
981, 0.19
982, 0.81
983, 0.50
984, 0.56
985, 0.38
986, 0.12
987, 0.56
988, 0.44
989, 0.44
990, 0.12
991, 0.19
992, 0.38
993, 0.25
994, 0.19
995, 0.25
996, 0.50
997, 0.31
998, 0.19
999, 0.44
1000, 0.31
1001, 0.31
1002, 0.50
1003, 0.25
1004, 0.56
1005, 0.19
1006, 0.19
1007, 0.81
1008, 0.50
1009, 0.25
1010, 0.44
1011, 0.31
1012, 0.25
1013, 0.38
1014, 0.62
1015, 0.44
1016, 0.62
1017, 0.44
1018, 0.62
1019, 0.62
1020, 0.56
1021, 0.69
1022, 0.69
1023, 0.31
1024, 0.50
1025, 0.56
1026, 0.75
1027, 0.50
1028, 0.44
1029, 0.44
1030, 0.50
1031, 0.56
1032, 0.31
1033, 0.44
1034, 0.31
1035, 0.81
1036, 0.62
1037, 0.38
1038, 0.44
1039, 0.31
1040, 0.62
1041, 0.31
1042, 0.56
1043, 0.31
1044, 0.50
1045, 0.31
1046, 0.38
1047, 0.56
1048, 0.44
1049, 0.31
1050, 0.50
1051, 0.56
1052, 0.50
1053, 0.44
1054, 0.44
1055, 0.56
1056, 0.19
1057, 0.31
1058, 0.31
1059, 0.25
1060, 0.75
1061, 0.25
1062, 0.31
1063, 0.38
1064, 0.50
1065, 0.31
1066, 0.62
1067, 0.62
1068, 0.56
1069, 0.25
1070, 0.44
1071, 0.38
1072, 0.25
1073, 0.25
1074, 0.12
1075, 0.19
1076, 0.31
1077, 0.44
1078, 0.12
1079, 0.25
1080, 0.44
1081, 0.31
1082, 0.44
1083, 0.62
1084, 0.31
1085, 0.50
1086, 0.75
1087, 0.50
1088, 0.31
1089, 0.31
1090, 0.38
1091, 0.44
1092, 0.06
1093, 0.56
1094, 0.38
1095, 0.38
1096, 0.38
1097, 0.31
1098, 0.62
1099, 0.31
1100, 0.50
1101, 0.31
1102, 0.69
1103, 0.38
1104, 0.50
1105, 0.38
1106, 0.44
1107, 0.62
1108, 0.44
1109, 0.19
1110, 0.56
1111, 0.31
1112, 0.38
1113, 0.38
1114, 0.25
1115, 0.50
1116, 0.56
1117, 0.19
1118, 0.88
1119, 0.50
1120, 0.50
1121, 0.31
1122, 0.31
1123, 0.75
1124, 0.56
1125, 0.19
1126, 0.31
1127, 0.62
1128, 0.31
1129, 0.56
1130, 0.69
1131, 0.25
1132, 0.50
1133, 0.38
1134, 0.31
1135, 0.44
1136, 0.31
1137, 0.31
1138, 0.44
1139, 0.44
1140, 0.62
1141, 0.12
1142, 0.44
1143, 0.56
1144, 0.50
1145, 0.50
1146, 0.31
1147, 0.31
1148, 0.81
1149, 0.56
1150, 0.31
1151, 0.50
1152, 0.62
1153, 0.44
1154, 0.06
1155, 0.56
1156, 0.38
1157, 0.38
1158, 0.31
1159, 0.44
1160, 0.50
1161, 0.38
1162, 0.25
1163, 0.25
1164, 0.69
1165, 0.62
1166, 0.31
1167, 0.50
1168, 0.50
1169, 0.62
1170, 0.50
1171, 0.31
1172, 0.62
1173, 0.50
1174, 0.56
1175, 0.56
1176, 0.81
1177, 0.31
1178, 0.38
1179, 0.50
1180, 0.62
1181, 0.56
1182, 0.25
1183, 0.31
1184, 0.38
1185, 0.31
1186, 0.38
1187, 0.75
1188, 0.44
1189, 0.56
1190, 0.44
1191, 0.56
1192, 0.31
1193, 0.56
1194, 0.69
1195, 0.62
1196, 0.44
1197, 0.81
1198, 0.50
1199, 0.75
1200, 0.38
1201, 0.38
1202, 0.50
1203, 0.75
1204, 0.38
1205, 0.31
1206, 0.38
1207, 0.44
1208, 0.44
1209, 0.50
1210, 0.25
1211, 0.62
1212, 0.44
1213, 0.44
1214, 0.44
1215, 0.44
1216, 0.38
1217, 0.19
1218, 0.31
1219, 0.50
1220, 0.12
1221, 0.75
1222, 0.44
1223, 0.38
1224, 0.31
1225, 0.44
1226, 0.44
1227, 0.19
1228, 0.69
1229, 0.19
1230, 0.50
1231, 0.56
1232, 0.69
1233, 0.25
1234, 0.69
1235, 0.50
1236, 0.31
1237, 0.38
1238, 0.25
1239, 0.62
1240, 0.38
1241, 0.31
1242, 0.25
1243, 0.69
1244, 0.31
1245, 0.50
1246, 0.38
1247, 0.12
1248, 0.25
1249, 0.56
1250, 0.56
1251, 0.56
1252, 0.56
1253, 0.56
1254, 0.38
1255, 0.31
1256, 0.62
1257, 0.62
1258, 0.69
1259, 0.56
1260, 0.56
1261, 0.62
1262, 0.44
1263, 0.50
1264, 0.50
1265, 0.31
1266, 0.62
1267, 0.50
1268, 0.50
1269, 0.50
1270, 0.25
1271, 0.50
1272, 0.75
1273, 0.69
1274, 0.62
1275, 0.56
1276, 0.75
1277, 0.50
1278, 0.62
1279, 0.50
1280, 0.44
1281, 0.56
1282, 0.44
1283, 0.62
1284, 0.62
1285, 0.50
1286, 0.62
1287, 0.25
1288, 0.25
1289, 0.38
1290, 0.31
1291, 0.50
1292, 0.38
1293, 0.56
1294, 0.44
1295, 0.69
1296, 0.31
1297, 0.25
1298, 0.31
1299, 0.50
1300, 0.44
1301, 0.38
1302, 0.12
1303, 0.75
1304, 0.56
1305, 0.56
1306, 0.56
1307, 0.44
1308, 0.69
1309, 0.69
1310, 0.38
1311, 0.25
1312, 0.19
1313, 0.44
1314, 0.31
1315, 0.56
1316, 0.31
1317, 0.38
1318, 0.25
1319, 0.44
1320, 0.44
1321, 0.25
1322, 0.00
1323, 0.38
1324, 0.69
1325, 0.62
1326, 0.50
1327, 0.50
1328, 0.56
1329, 0.44
1330, 0.19
1331, 0.31
1332, 0.56
1333, 0.31
1334, 0.44
1335, 0.31
1336, 0.50
1337, 0.44
1338, 0.62
1339, 0.75
1340, 0.25
1341, 0.06
1342, 0.44
1343, 0.50
1344, 0.38
1345, 0.56
1346, 0.44
1347, 0.25
1348, 0.19
1349, 0.44
1350, 0.56
1351, 0.44
1352, 0.12
1353, 0.25
1354, 0.56
1355, 0.19
1356, 0.50
1357, 0.19
1358, 0.50
1359, 0.50
1360, 0.44
1361, 0.38
1362, 0.56
1363, 0.50
1364, 0.25
1365, 0.69
1366, 0.75
1367, 0.69
1368, 0.31
1369, 0.62
1370, 0.81
1371, 0.44
1372, 0.69
1373, 0.31
1374, 0.12
1375, 0.56
1376, 0.44
1377, 0.00
1378, 0.50
1379, 0.38
1380, 0.25
1381, 0.44
1382, 0.19
1383, 0.44
1384, 0.75
1385, 0.62
1386, 0.31
1387, 0.31
1388, 0.50
1389, 0.44
1390, 0.38
1391, 0.44
1392, 0.44
1393, 0.38
1394, 0.69
1395, 0.25
1396, 0.50
1397, 0.31
1398, 0.38
1399, 0.31
1400, 0.62
1401, 0.50
1402, 0.25
1403, 0.25
1404, 0.00
1405, 0.12
1406, 0.44
1407, 0.31
1408, 0.50
1409, 0.69
1410, 0.56
1411, 0.62
1412, 0.38
1413, 0.50
1414, 0.31
1415, 0.06
1416, 0.88
1417, 0.50
1418, 0.44
1419, 0.31
1420, 0.38
1421, 0.50
1422, 0.31
1423, 0.31
1424, 0.69
1425, 0.44
1426, 0.44
1427, 0.56
1428, 0.56
1429, 0.19
1430, 0.31
1431, 0.88
1432, 0.44
1433, 0.25
1434, 0.31
1435, 0.12
1436, 0.38
1437, 0.44
1438, 0.06
1439, 0.81
1440, 0.62
1441, 0.44
1442, 0.69
1443, 0.62
1444, 0.31
1445, 0.38
1446, 0.25
1447, 0.06
1448, 0.19
1449, 0.19
1450, 0.38
1451, 0.50
1452, 0.50
1453, 0.44
1454, 0.31
1455, 0.31
1456, 0.50
1457, 0.44
1458, 0.44
1459, 0.31
1460, 0.50
1461, 0.19
1462, 0.50
1463, 0.50
1464, 0.38
1465, 0.19
1466, 0.62
1467, 0.06
1468, 0.69
1469, 0.38
1470, 0.69
1471, 0.44
1472, 0.31
1473, 0.25
1474, 0.50
1475, 0.75
1476, 0.62
1477, 0.50
1478, 0.56
1479, 0.44
1480, 0.50
1481, 0.75
1482, 0.50
1483, 0.38
1484, 0.44
1485, 0.69
1486, 0.25
1487, 0.56
1488, 0.38
1489, 0.31
1490, 0.44
1491, 0.31
1492, 0.38
1493, 0.50
1494, 0.62
1495, 0.38
1496, 0.38
1497, 0.50
1498, 0.19
1499, 0.12
1500, 0.31
1501, 0.44
1502, 0.38
1503, 0.50
1504, 0.38
1505, 0.94
1506, 0.31
1507, 0.56
1508, 0.69
1509, 0.50
1510, 0.38
1511, 0.50
1512, 0.19
1513, 0.50
1514, 0.19
1515, 0.62
1516, 0.31
1517, 0.31
1518, 0.31
1519, 0.12
1520, 0.25
1521, 0.56
1522, 0.62
1523, 0.38
1524, 0.31
1525, 0.62
1526, 0.31
1527, 0.19
1528, 0.44
1529, 0.56
1530, 0.25
1531, 0.38
1532, 0.50
1533, 0.44
1534, 0.25
1535, 0.56
1536, 0.31
1537, 0.31
1538, 0.81
1539, 0.38
1540, 0.31
1541, 0.38
1542, 0.31
1543, 0.44
1544, 0.56
1545, 0.44
1546, 0.31
1547, 0.62
1548, 0.62
1549, 0.44
1550, 0.19
1551, 0.31
1552, 0.31
1553, 0.38
1554, 0.62
1555, 0.12
1556, 0.19
1557, 0.56
1558, 0.38
1559, 0.12
1560, 0.62
1561, 0.31
1562, 0.25
1563, 0.12
1564, 0.62
1565, 0.69
1566, 0.44
1567, 0.56
1568, 0.56
1569, 0.62
1570, 0.56
1571, 0.50
1572, 0.56
1573, 0.12
1574, 0.12
1575, 0.44
1576, 0.94
1577, 0.62
1578, 0.62
1579, 0.56
1580, 0.12
1581, 0.38
1582, 0.38
1583, 0.56
1584, 0.19
1585, 0.38
1586, 0.12
1587, 0.44
1588, 0.38
1589, 0.56
1590, 0.50
1591, 0.62
1592, 0.44
1593, 0.44
1594, 0.56
1595, 0.12
1596, 0.31
1597, 0.44
1598, 0.44
1599, 0.44
1600, 0.31
1601, 0.50
1602, 0.50
1603, 0.31
1604, 0.38
1605, 0.31
1606, 0.69
1607, 0.56
1608, 0.38
1609, 0.50
1610, 0.31
1611, 0.31
1612, 0.38
1613, 0.19
1614, 0.62
1615, 0.75
1616, 0.44
1617, 0.56
1618, 0.69
1619, 0.62
1620, 0.81
1621, 0.44
1622, 0.56
1623, 0.25
1624, 0.56
1625, 0.38
1626, 0.31
1627, 0.31
1628, 0.38
1629, 0.62
1630, 0.69
1631, 0.38
1632, 0.38
1633, 0.31
1634, 0.25
1635, 0.19
1636, 0.56
1637, 0.38
1638, 0.25
1639, 0.19
1640, 0.25
1641, 0.50
1642, 0.50
1643, 0.50
1644, 0.62
1645, 0.38
1646, 0.19
1647, 0.62
1648, 0.56
1649, 0.38
1650, 0.44
1651, 0.69
1652, 0.12
1653, 0.25
1654, 0.31
1655, 0.31
1656, 0.31
1657, 0.12
1658, 0.38
1659, 0.31
1660, 0.31
1661, 0.25
1662, 0.50
1663, 0.56
1664, 0.25
1665, 0.56
1666, 0.38
1667, 0.56
1668, 0.12
1669, 0.25
1670, 0.31
1671, 0.62
1672, 0.31
1673, 0.44
1674, 0.62
1675, 0.12
1676, 0.44
1677, 0.75
1678, 0.31
1679, 0.62
1680, 0.25
1681, 0.44
1682, 0.25
1683, 0.19
1684, 0.44
1685, 0.31
1686, 0.44
1687, 0.56
1688, 0.44
1689, 0.56
1690, 0.50
1691, 0.50
1692, 0.31
1693, 0.19
1694, 0.56
1695, 0.62
1696, 0.38
1697, 0.75
1698, 0.19
1699, 0.31
1700, 0.31
1701, 0.25
1702, 0.25
1703, 0.25
1704, 0.19
1705, 0.69
1706, 0.62
1707, 0.62
1708, 0.38
1709, 0.75
1710, 0.25
1711, 0.31
1712, 0.69
1713, 0.31
1714, 0.69
1715, 0.94
1716, 0.69
1717, 0.56
1718, 0.31
1719, 0.31
1720, 0.38
1721, 0.62
1722, 0.50
1723, 0.44
1724, 0.25
1725, 0.38
1726, 0.75
1727, 0.38
1728, 0.69
1729, 0.62
1730, 0.44
1731, 0.12
1732, 0.56
1733, 0.56
1734, 0.19
1735, 0.50
1736, 0.38
1737, 0.50
1738, 0.88
1739, 0.31
1740, 0.62
1741, 0.50
1742, 0.50
1743, 0.25
1744, 0.38
1745, 0.25
1746, 0.25
1747, 0.31
1748, 0.69
1749, 0.62
1750, 0.31
1751, 0.19
1752, 0.75
1753, 0.31
1754, 0.56
1755, 0.56
1756, 0.38
1757, 0.56
1758, 0.56
1759, 0.44
1760, 0.69
1761, 0.56
1762, 0.38
1763, 0.50
1764, 0.56
1765, 0.75
1766, 0.56
1767, 0.44
1768, 0.50
1769, 0.56
1770, 0.38
1771, 0.31
1772, 0.44
1773, 0.69
1774, 0.44
1775, 0.50
1776, 0.38
1777, 0.38
1778, 0.50
1779, 0.44
1780, 0.62
1781, 0.44
1782, 0.31
1783, 0.62
1784, 0.31
1785, 0.56
1786, 0.56
1787, 0.62
1788, 0.25
1789, 0.31
1790, 0.44
1791, 0.12
1792, 0.56
1793, 0.44
1794, 0.31
1795, 0.31
1796, 0.06
1797, 0.69
1798, 0.12
1799, 0.38
1800, 0.88
1801, 0.31
1802, 0.44
1803, 0.50
1804, 0.19
1805, 0.38
1806, 0.69
1807, 0.31
1808, 0.31
1809, 0.62
1810, 0.44
1811, 0.62
1812, 0.75
1813, 0.50
1814, 0.44
1815, 0.69
1816, 0.19
1817, 0.62
1818, 0.50
1819, 0.56
1820, 0.44
1821, 0.50
1822, 0.44
1823, 0.12
1824, 0.19
1825, 0.31
1826, 0.44
1827, 0.25
1828, 0.06
1829, 0.69
1830, 0.62
1831, 0.38
1832, 0.31
1833, 0.25
1834, 0.38
1835, 0.19
1836, 0.25
1837, 0.44
1838, 0.38
1839, 0.19
1840, 0.50
1841, 0.25
1842, 0.31
1843, 0.19
1844, 0.44
1845, 0.38
1846, 0.88
1847, 0.12
1848, 0.31
1849, 0.31
1850, 0.31
1851, 0.44
1852, 0.44
1853, 0.69
1854, 0.44
1855, 0.31
1856, 0.56
1857, 0.38
1858, 0.25
1859, 0.56
1860, 0.44
1861, 0.56
1862, 0.62
1863, 0.25
1864, 0.44
1865, 0.44
1866, 0.38
1867, 0.62
1868, 0.44
1869, 0.50
1870, 0.50
1871, 0.25
1872, 0.44
1873, 0.62
1874, 0.19
1875, 0.81
1876, 0.38
1877, 0.31
1878, 0.50
1879, 0.44
1880, 0.75
1881, 0.50
1882, 0.69
1883, 0.50
1884, 0.62
1885, 0.25
1886, 0.38
1887, 0.12
1888, 0.25
1889, 0.38
1890, 0.25
1891, 0.38
1892, 0.56
1893, 0.44
1894, 0.06
1895, 0.50
1896, 0.31
1897, 0.44
1898, 0.44
1899, 0.62
1900, 0.56
1901, 0.56
1902, 0.56
1903, 0.56
1904, 0.38
1905, 0.31
1906, 0.25
1907, 0.62
1908, 0.50
1909, 0.69
1910, 0.38
1911, 0.38
1912, 0.81
1913, 0.38
1914, 0.56
1915, 0.44
1916, 0.31
1917, 0.62
1918, 0.25
1919, 0.81
1920, 0.50
1921, 0.56
1922, 0.69
1923, 0.56
1924, 0.56
1925, 0.38
1926, 0.69
1927, 0.31
1928, 0.50
1929, 0.50
1930, 0.50
1931, 0.38
1932, 0.19
1933, 0.56
1934, 0.50
1935, 0.19
1936, 0.31
1937, 0.44
1938, 0.31
1939, 0.25
1940, 0.31
1941, 0.44
1942, 0.38
1943, 0.31
1944, 0.56
1945, 0.12
1946, 0.75
1947, 0.31
1948, 0.38
1949, 0.44
1950, 0.31
1951, 0.62
1952, 0.69
1953, 0.50
1954, 0.38
1955, 0.50
1956, 0.44
1957, 0.69
1958, 0.56
1959, 0.38
1960, 0.06
1961, 0.62
1962, 0.38
1963, 0.69
1964, 0.44
1965, 0.31
1966, 0.31
1967, 0.75
1968, 0.12
1969, 0.56
1970, 0.31
1971, 0.69
1972, 0.94
1973, 0.62
1974, 0.25
1975, 0.69
1976, 0.19
1977, 0.31
1978, 0.50
1979, 0.62
1980, 0.44
1981, 0.44
1982, 0.44
1983, 0.50
1984, 0.62
1985, 0.31
1986, 0.62
1987, 0.31
1988, 0.50
1989, 0.44
1990, 0.31
1991, 0.38
1992, 0.38
1993, 0.38
1994, 0.56
1995, 0.56
1996, 0.62
1997, 0.25
1998, 0.38
1999, 0.25
2000, 0.44
2001, 0.19
2002, 0.50
2003, 0.44
2004, 0.56
2005, 0.62
2006, 0.56
2007, 0.25
2008, 0.56
2009, 0.50
2010, 0.56
2011, 0.31
2012, 0.44
2013, 0.25
2014, 0.44
2015, 0.44
2016, 0.50
2017, 0.38
2018, 0.56
2019, 0.50
2020, 0.62
2021, 0.25
2022, 0.44
2023, 0.25
2024, 0.44
2025, 0.38
2026, 0.44
2027, 0.56
2028, 0.25
2029, 0.62
2030, 0.19
2031, 0.56
2032, 0.19
2033, 0.44
2034, 0.25
2035, 0.56
2036, 0.25
2037, 0.44
2038, 0.69
2039, 0.50
2040, 0.06
2041, 0.44
2042, 0.38
2043, 0.50
2044, 0.38
2045, 0.62
2046, 0.50
2047, 0.19
2048, 0.38
2049, 0.62
2050, 0.44
2051, 0.31
2052, 0.62
2053, 0.50
2054, 0.50
2055, 0.38
2056, 0.31
2057, 0.38
2058, 0.56
2059, 0.12
2060, 0.38
2061, 0.38
2062, 0.44
2063, 0.56
2064, 0.44
2065, 0.62
2066, 0.56
2067, 0.31
2068, 0.19
2069, 0.31
2070, 0.62
2071, 0.50
2072, 0.06
2073, 0.56
2074, 0.44
2075, 0.62
2076, 0.44
2077, 0.25
2078, 0.50
2079, 0.62
2080, 0.62
2081, 0.44
2082, 0.38
2083, 0.44
2084, 0.38
2085, 0.81
2086, 0.25
2087, 0.62
2088, 0.44
2089, 0.44
2090, 0.31
2091, 0.44
2092, 0.50
2093, 0.50
2094, 0.25
2095, 0.50
2096, 0.31
2097, 0.19
2098, 0.50
2099, 0.31
2100, 0.19
2101, 0.31
2102, 0.44
2103, 0.62
2104, 0.12
2105, 0.62
2106, 0.50
2107, 0.69
2108, 0.38
2109, 0.31
2110, 0.56
2111, 0.50
2112, 0.38
2113, 0.56
2114, 0.12
2115, 0.69
2116, 0.12
2117, 0.69
2118, 0.25
2119, 0.56
2120, 0.50
2121, 0.56
2122, 0.50
2123, 0.69
2124, 0.88
2125, 0.44
2126, 0.38
2127, 0.50
2128, 0.69
2129, 0.31
2130, 0.38
2131, 0.31
2132, 0.56
2133, 0.69
2134, 0.81
2135, 0.31
2136, 0.62
2137, 0.44
2138, 0.31
2139, 0.31
2140, 0.12
2141, 0.56
2142, 0.44
2143, 0.56
2144, 0.25
2145, 0.56
2146, 0.50
2147, 0.44
2148, 0.50
2149, 0.19
2150, 0.31
2151, 0.19
2152, 0.50
2153, 0.38
2154, 0.38
2155, 0.75
2156, 0.25
2157, 0.44
2158, 0.31
2159, 0.69
2160, 0.50
2161, 0.44
2162, 0.50
2163, 0.12
2164, 0.44
2165, 0.44
2166, 0.50
2167, 0.44
2168, 0.69
2169, 0.69
2170, 0.50
2171, 0.25
2172, 0.31
2173, 0.50
2174, 0.56
2175, 0.62
2176, 0.69
2177, 0.56
2178, 0.62
2179, 0.62
2180, 0.50
2181, 0.31
2182, 0.56
2183, 0.31
2184, 0.44
2185, 0.31
2186, 0.31
2187, 0.31
2188, 0.31
2189, 0.38
2190, 0.06
2191, 0.25
2192, 0.31
2193, 0.56
2194, 0.38
2195, 0.44
2196, 0.75
2197, 0.56
2198, 0.69
2199, 0.50
2200, 0.38
2201, 0.38
2202, 0.69
2203, 0.62
2204, 0.69
2205, 0.25
2206, 0.25
2207, 0.31
2208, 0.06
2209, 0.19
2210, 0.88
2211, 0.44
2212, 0.56
2213, 0.31
2214, 0.19
2215, 0.25
2216, 0.56
2217, 0.25
2218, 0.44
2219, 0.38
2220, 0.62
2221, 0.38
2222, 0.25
2223, 0.44
2224, 0.19
2225, 0.25
2226, 0.50
2227, 0.56
2228, 0.31
2229, 0.44
2230, 0.25
2231, 0.31
2232, 0.31
2233, 0.31
2234, 0.62
2235, 0.56
2236, 0.19
2237, 0.56
2238, 0.38
2239, 0.50
2240, 0.12
2241, 0.31
2242, 0.38
2243, 0.38
2244, 0.25
2245, 0.69
2246, 0.31
2247, 0.19
2248, 0.12
2249, 0.25
2250, 0.69
2251, 0.44
2252, 0.31
2253, 0.56
2254, 0.06
2255, 0.56
2256, 0.44
2257, 0.19
2258, 0.38
2259, 0.38
2260, 0.50
2261, 0.62
2262, 0.31
2263, 0.44
2264, 0.06
2265, 0.25
2266, 0.50
2267, 0.25
2268, 0.56
2269, 0.31
2270, 0.56
2271, 0.44
2272, 0.62
2273, 0.38
2274, 0.06
2275, 0.81
2276, 0.44
2277, 0.56
2278, 0.38
2279, 0.12
2280, 0.38
2281, 0.31
2282, 0.62
2283, 0.69
2284, 0.31
2285, 0.50
2286, 0.44
2287, 0.31
2288, 0.44
2289, 0.50
2290, 0.56
2291, 0.44
2292, 0.38
2293, 0.56
2294, 0.81
2295, 0.75
2296, 0.25
2297, 0.38
2298, 0.31
2299, 0.38
2300, 0.44
2301, 0.44
2302, 0.12
2303, 0.31
2304, 0.25
2305, 0.56
2306, 0.44
2307, 0.38
2308, 0.31
2309, 0.50
2310, 0.44
2311, 0.25
2312, 0.19
2313, 0.19
2314, 0.19
2315, 0.44
2316, 0.75
2317, 0.88
2318, 0.25
2319, 0.38
2320, 0.69
2321, 0.50
2322, 0.19
2323, 0.44
2324, 0.38
2325, 0.25
2326, 0.19
2327, 0.44
2328, 0.44
2329, 0.38
2330, 0.25
2331, 0.56
2332, 0.19
2333, 0.25
2334, 0.25
2335, 0.25
2336, 0.94
2337, 0.56
2338, 0.69
2339, 0.25
2340, 0.31
2341, 0.38
2342, 0.12
2343, 0.56
2344, 0.31
2345, 0.44
2346, 0.50
2347, 0.50
2348, 0.19
2349, 0.50
2350, 0.38
2351, 0.69
2352, 0.44
2353, 0.19
2354, 0.25
2355, 0.50
2356, 0.25
2357, 0.62
2358, 0.25
2359, 0.38
2360, 0.38
2361, 0.69
2362, 0.62
2363, 0.75
2364, 0.62
2365, 0.50
2366, 0.56
2367, 0.12
2368, 0.75
2369, 0.19
2370, 0.31
2371, 0.50
2372, 0.38
2373, 0.56
2374, 0.38
2375, 0.25
2376, 0.44
2377, 0.56
2378, 0.81
2379, 0.50
2380, 0.56
2381, 0.38
2382, 0.31
2383, 0.31
2384, 0.31
2385, 0.44
2386, 0.50
2387, 0.56
2388, 0.44
2389, 0.62
2390, 0.81
2391, 0.31
2392, 0.62
2393, 0.25
2394, 0.19
2395, 0.31
2396, 0.44
2397, 0.31
2398, 0.62
2399, 0.06
2400, 0.56
2401, 0.31
2402, 0.50
2403, 0.38
2404, 0.38
2405, 0.56
2406, 0.56
2407, 0.50
2408, 0.56
2409, 0.19
2410, 0.50
2411, 0.38
2412, 0.44
2413, 0.25
2414, 0.31
2415, 0.44
2416, 0.50
2417, 0.44
2418, 0.38
2419, 0.56
2420, 0.31
2421, 0.62
2422, 0.62
2423, 0.19
2424, 0.50
2425, 0.38
2426, 0.38
2427, 0.62
2428, 0.50
2429, 0.25
2430, 0.38
2431, 0.50
2432, 0.50
2433, 0.25
2434, 0.38
2435, 0.31
2436, 0.25
2437, 0.38
2438, 0.19
2439, 0.25
2440, 0.19
2441, 0.25
2442, 0.56
2443, 0.31
2444, 0.50
2445, 0.38
2446, 0.19
2447, 0.31
2448, 0.25
2449, 0.38
2450, 0.50
2451, 0.31
2452, 0.62
2453, 0.50
2454, 0.56
2455, 0.62
2456, 0.56
2457, 0.44
2458, 0.62
2459, 0.69
2460, 0.62
2461, 0.75
2462, 0.56
2463, 0.69
2464, 0.38
2465, 0.50
2466, 0.06
2467, 0.69
2468, 0.25
2469, 0.62
2470, 0.38
2471, 0.25
2472, 0.31
2473, 0.62
2474, 0.25
2475, 0.62
2476, 0.25
2477, 0.31
2478, 0.06
2479, 0.56
2480, 0.19
2481, 0.31
2482, 0.38
2483, 0.50
2484, 0.38
2485, 0.19
2486, 0.38
2487, 0.31
2488, 0.31
2489, 0.38
2490, 0.19
2491, 0.75
2492, 0.62
2493, 0.56
2494, 0.50
2495, 0.31
2496, 0.25
2497, 0.62
2498, 0.62
2499, 0.44
2500, 0.25
2501, 0.62
2502, 0.25
2503, 0.31
2504, 0.31
2505, 0.81
2506, 0.38
2507, 0.56
2508, 0.75
2509, 0.25
2510, 0.31
2511, 0.56
2512, 0.62
2513, 0.56
2514, 0.50
2515, 0.62
2516, 0.81
2517, 0.12
2518, 0.50
2519, 0.50
2520, 0.44
2521, 0.75
2522, 0.56
2523, 0.44
2524, 0.38
2525, 0.50
2526, 0.12
2527, 0.56
2528, 0.50
2529, 0.31
2530, 0.69
2531, 0.38
2532, 0.50
2533, 0.38
2534, 0.44
2535, 0.06
2536, 0.31
2537, 0.38
2538, 0.56
2539, 0.56
2540, 0.38
2541, 0.94
2542, 0.19
2543, 0.31
2544, 0.25
2545, 0.25
2546, 0.56
2547, 0.38
2548, 0.44
2549, 0.44
2550, 0.25
2551, 0.25
2552, 0.38
2553, 0.38
2554, 0.25
2555, 0.62
2556, 0.38
2557, 0.50
2558, 0.31
2559, 0.31
2560, 0.50
2561, 0.12
2562, 0.50
2563, 0.75
2564, 0.56
2565, 0.25
2566, 0.56
2567, 0.44
2568, 0.44
2569, 0.62
2570, 0.31
2571, 0.19
2572, 0.44
2573, 0.44
2574, 0.50
2575, 0.31
2576, 0.25
2577, 0.31
2578, 0.50
2579, 0.31
2580, 0.25
2581, 0.44
2582, 0.38
2583, 0.31
2584, 0.38
2585, 0.75
2586, 0.50
2587, 0.44
2588, 0.25
2589, 0.38
2590, 0.31
2591, 0.31
2592, 0.44
2593, 0.44
2594, 0.56
2595, 0.38
2596, 0.19
2597, 0.62
2598, 0.25
2599, 0.19
2600, 0.56
2601, 0.56
2602, 0.38
2603, 0.25
2604, 0.44
2605, 0.50
2606, 0.44
2607, 0.38
2608, 0.44
2609, 0.62
2610, 0.12
2611, 0.19
2612, 0.62
2613, 0.69
2614, 0.25
2615, 0.69
2616, 0.38
2617, 0.88
2618, 0.44
2619, 0.25
2620, 0.81
2621, 0.50
2622, 0.62
2623, 0.25
2624, 0.50
2625, 0.56
2626, 0.88
2627, 0.56
2628, 0.31
2629, 0.31
2630, 0.75
2631, 0.56
2632, 0.69
2633, 1.00
2634, 0.62
2635, 0.62
2636, 0.56
2637, 0.62
2638, 0.12
2639, 0.31
2640, 0.38
2641, 0.19
2642, 0.62
2643, 0.31
2644, 0.44
2645, 0.50
2646, 0.19
2647, 0.25
2648, 0.75
2649, 0.50
2650, 0.62
2651, 0.56
2652, 0.25
2653, 0.19
2654, 0.31
2655, 0.31
2656, 0.44
2657, 0.62
2658, 0.62
2659, 0.50
2660, 0.62
2661, 0.69
2662, 0.62
2663, 0.50
2664, 0.25
2665, 0.62
2666, 0.38
2667, 0.25
2668, 0.69
2669, 0.31
2670, 0.62
2671, 0.56
2672, 0.38
2673, 0.25
2674, 0.56
2675, 0.12
2676, 0.44
2677, 0.44
2678, 0.56
2679, 0.25
2680, 0.25
2681, 0.50
2682, 0.62
2683, 0.62
2684, 0.38
2685, 0.31
2686, 0.62
2687, 0.69
2688, 0.44
2689, 0.31
2690, 0.38
2691, 0.69
2692, 0.50
2693, 0.38
2694, 0.50
2695, 0.38
2696, 0.31
2697, 0.62
2698, 0.50
2699, 0.69
2700, 0.50
2701, 0.44
2702, 0.31
2703, 0.31
2704, 0.19
2705, 0.38
2706, 0.81
2707, 0.44
2708, 0.31
2709, 0.44
2710, 0.50
2711, 0.31
2712, 0.62
2713, 0.56
2714, 0.62
2715, 0.19
2716, 0.31
2717, 0.31
2718, 0.56
2719, 0.25
2720, 0.38
2721, 0.38
2722, 0.38
2723, 0.31
2724, 0.31
2725, 0.50
2726, 0.38
2727, 0.50
2728, 0.38
2729, 0.31
2730, 0.25
2731, 0.25
2732, 0.44
2733, 0.19
2734, 0.44
2735, 0.38
2736, 0.50
2737, 0.62
2738, 0.44
2739, 0.19
2740, 0.38
2741, 0.62
2742, 0.56
2743, 0.56
2744, 0.31
2745, 0.44
2746, 0.44
2747, 0.31
2748, 0.38
2749, 0.50
2750, 0.44
2751, 0.69
2752, 0.38
2753, 0.62
2754, 0.88
2755, 0.38
2756, 0.25
2757, 0.50
2758, 0.62
2759, 0.31
2760, 0.25
2761, 0.25
2762, 0.31
2763, 0.44
2764, 0.38
2765, 0.19
2766, 0.56
2767, 0.44
2768, 0.38
2769, 0.69
2770, 0.31
2771, 0.62
2772, 0.25
2773, 0.38
2774, 0.56
2775, 0.25
2776, 0.62
2777, 0.94
2778, 0.69
2779, 0.00
2780, 0.62
2781, 0.56
2782, 0.25
2783, 0.44
2784, 0.25
2785, 0.12
2786, 0.56
2787, 0.56
2788, 0.06
2789, 0.38
2790, 0.25
2791, 0.44
2792, 0.75
2793, 0.38
2794, 0.38
2795, 0.62
2796, 0.50
2797, 0.69
2798, 0.38
2799, 0.56
2800, 0.69
2801, 0.19
2802, 0.44
2803, 0.62
2804, 0.25
2805, 0.50
2806, 0.44
2807, 0.31
2808, 0.44
2809, 0.31
2810, 0.19
2811, 0.19
2812, 0.44
2813, 0.31
2814, 0.56
2815, 0.50
2816, 0.31
2817, 0.38
2818, 0.44
2819, 0.31
2820, 0.62
2821, 0.25
2822, 0.31
2823, 0.06
2824, 0.56
2825, 0.25
2826, 0.25
2827, 0.06
2828, 0.44
2829, 0.25
2830, 0.62
2831, 0.50
2832, 0.31
2833, 0.44
2834, 0.25
2835, 0.25
2836, 0.19
2837, 0.56
2838, 0.25
2839, 0.31
2840, 0.31
2841, 0.06
2842, 0.81
2843, 0.25
2844, 0.25
2845, 0.44
2846, 0.62
2847, 0.75
2848, 0.81
2849, 0.50
2850, 0.31
2851, 0.56
2852, 0.12
2853, 0.50
2854, 0.44
2855, 0.50
2856, 0.19
2857, 0.38
2858, 0.38
2859, 0.19
2860, 0.44
2861, 0.56
2862, 0.38
2863, 0.56
2864, 0.56
2865, 0.75
2866, 0.50
2867, 0.44
2868, 0.25
2869, 0.44
2870, 0.19
2871, 0.38
2872, 0.44
2873, 0.50
2874, 0.38
2875, 0.50
2876, 0.38
2877, 0.44
2878, 0.38
2879, 0.50
2880, 0.25
2881, 0.44
2882, 0.62
2883, 0.62
2884, 0.56
2885, 0.25
2886, 0.31
2887, 0.56
2888, 0.38
2889, 0.44
2890, 0.31
2891, 0.69
2892, 0.38
2893, 0.75
2894, 0.50
2895, 0.69
2896, 0.44
2897, 0.44
2898, 0.62
2899, 0.44
2900, 0.50
2901, 0.25
2902, 0.81
2903, 0.50
2904, 0.19
2905, 0.50
2906, 0.81
2907, 0.44
2908, 0.38
2909, 0.38
2910, 0.56
2911, 0.50
2912, 0.19
2913, 0.38
2914, 0.50
2915, 0.50
2916, 0.38
2917, 0.31
2918, 0.69
2919, 0.69
2920, 0.50
2921, 0.38
2922, 0.50
2923, 0.25
2924, 0.44
2925, 0.38
2926, 0.56
2927, 0.31
2928, 0.38
2929, 0.50
2930, 0.75
2931, 0.25
2932, 0.50
2933, 0.25
2934, 0.50
2935, 0.62
2936, 0.25
2937, 0.50
2938, 0.62
2939, 0.25
2940, 0.25
2941, 0.50
2942, 0.62
2943, 0.50
2944, 0.50
2945, 0.12
2946, 0.12
2947, 0.56
2948, 0.62
2949, 0.56
2950, 0.12
2951, 0.31
2952, 0.69
2953, 0.38
2954, 0.62
2955, 0.25
2956, 0.38
2957, 0.75
2958, 0.31
2959, 0.12
2960, 0.50
2961, 0.31
2962, 0.31
2963, 0.56
2964, 0.56
2965, 0.44
2966, 0.31
2967, 0.38
2968, 0.06
2969, 0.50
2970, 0.31
2971, 0.56
2972, 0.19
2973, 0.56
2974, 0.31
2975, 0.31
2976, 0.25
2977, 0.31
2978, 0.44
2979, 0.19
2980, 0.38
2981, 0.56
2982, 0.38
2983, 0.56
2984, 0.31
2985, 0.50
2986, 0.56
2987, 0.06
2988, 0.75
2989, 0.38
2990, 0.25
2991, 0.69
2992, 0.94
2993, 0.50
2994, 0.38
2995, 0.50
2996, 0.38
2997, 0.56
2998, 0.50
2999, 0.50
3000, 0.31
3001, 0.50
3002, 0.38
3003, 0.75
3004, 0.56
3005, 0.62
3006, 0.44
3007, 0.31
3008, 0.56
3009, 0.44
3010, 0.69
3011, 0.44
3012, 0.56
3013, 0.56
3014, 0.31
3015, 0.44
3016, 0.44
3017, 0.44
3018, 0.25
3019, 0.38
3020, 0.44
3021, 0.31
3022, 0.56
3023, 0.56
3024, 0.31
3025, 0.31
3026, 0.50
3027, 0.44
3028, 0.50
3029, 0.31
3030, 0.50
3031, 0.44
3032, 0.31
3033, 0.38
3034, 0.69
3035, 0.38
3036, 0.56
3037, 0.44
3038, 0.44
3039, 0.38
3040, 0.31
3041, 0.19
3042, 0.19
3043, 0.38
3044, 0.62
3045, 0.31
3046, 0.44
3047, 0.31
3048, 0.75
3049, 0.31
3050, 0.06
3051, 0.44
3052, 0.50
3053, 0.38
3054, 0.62
3055, 0.56
3056, 0.38
3057, 0.56
3058, 0.62
3059, 0.31
3060, 0.56
3061, 0.69
3062, 0.56
3063, 0.56
3064, 0.12
3065, 0.38
3066, 0.25
3067, 0.50
3068, 0.38
3069, 0.31
3070, 0.69
3071, 0.44
3072, 0.44
3073, 0.31
3074, 0.44
3075, 0.38
3076, 0.44
3077, 0.38
3078, 0.75
3079, 0.50
3080, 0.50
3081, 0.62
3082, 0.75
3083, 0.81
3084, 0.38
3085, 0.19
3086, 0.44
3087, 0.44
3088, 0.25
3089, 0.56
3090, 0.25
3091, 0.69
3092, 0.25
3093, 0.44
3094, 0.56
3095, 0.31
3096, 0.31
3097, 0.25
3098, 0.50
3099, 0.62
3100, 0.69
3101, 0.50
3102, 0.19
3103, 0.25
3104, 0.12
3105, 0.44
3106, 0.62
3107, 0.31
3108, 0.44
3109, 0.19
3110, 0.50
3111, 0.19
3112, 0.44
3113, 0.44
3114, 0.25
3115, 0.25
3116, 0.44
3117, 0.31
3118, 0.38
3119, 0.38
3120, 0.56
3121, 0.31
3122, 0.19
3123, 0.56
3124, 0.56
3125, 0.25
3126, 0.44
3127, 0.69
3128, 0.19
3129, 0.25
3130, 0.75
3131, 0.50
3132, 0.50
3133, 0.69
3134, 0.31
3135, 0.50
3136, 0.38
3137, 0.38
3138, 0.44
3139, 0.25
3140, 0.38
3141, 0.31
3142, 0.81
3143, 0.56
3144, 0.81
3145, 0.06
3146, 0.56
3147, 0.44
3148, 0.31
3149, 0.31
3150, 0.56
3151, 0.38
3152, 0.19
3153, 0.56
3154, 0.44
3155, 0.31
3156, 0.25
3157, 0.31
3158, 0.25
3159, 0.50
3160, 0.62
3161, 0.44
3162, 0.69
3163, 0.81
3164, 0.62
3165, 0.69
3166, 0.50
3167, 0.19
3168, 0.69
3169, 0.50
3170, 0.38
3171, 0.75
3172, 0.69
3173, 0.56
3174, 0.44
3175, 0.44
3176, 0.38
3177, 0.31
3178, 0.62
3179, 0.31
3180, 0.25
3181, 0.44
3182, 0.38
3183, 0.25
3184, 0.44
3185, 0.44
3186, 0.25
3187, 0.31
3188, 0.56
3189, 0.56
3190, 0.31
3191, 0.88
3192, 0.25
3193, 0.69
3194, 0.38
3195, 0.25
3196, 0.38
3197, 0.50
3198, 0.50
3199, 0.44
3200, 0.56
3201, 0.69
3202, 0.56
3203, 0.25
3204, 0.75
3205, 0.38
3206, 0.25
3207, 0.62
3208, 0.50
3209, 0.56
3210, 0.56
3211, 0.56
3212, 1.00
3213, 0.06
3214, 0.25
3215, 0.88
3216, 0.25
3217, 0.62
3218, 0.69
3219, 0.31
3220, 0.50
3221, 0.12
3222, 0.88
3223, 0.44
3224, 0.69
3225, 0.25
3226, 0.56
3227, 0.38
3228, 0.75
3229, 0.25
3230, 0.31
3231, 0.38
3232, 0.62
3233, 0.50
3234, 0.25
3235, 0.31
3236, 0.38
3237, 0.44
3238, 0.31
3239, 0.38
3240, 0.38
3241, 0.50
3242, 0.31
3243, 0.44
3244, 0.44
3245, 0.50
3246, 0.62
3247, 0.62
3248, 0.50
3249, 0.50
3250, 0.19
3251, 0.31
3252, 0.56
3253, 0.31
3254, 0.62
3255, 0.69
3256, 0.31
3257, 0.25
3258, 0.38
3259, 0.25
3260, 0.12
3261, 0.62
3262, 0.25
3263, 0.31
3264, 0.75
3265, 0.31
3266, 0.38
3267, 0.38
3268, 0.44
3269, 0.25
3270, 0.31
3271, 0.38
3272, 0.31
3273, 0.38
3274, 0.56
3275, 0.62
3276, 0.19
3277, 0.25
3278, 0.62
3279, 0.44
3280, 0.25
3281, 0.19
3282, 0.31
3283, 0.19
3284, 0.38
3285, 0.19
3286, 0.56
3287, 0.44
3288, 0.50
3289, 0.50
3290, 0.25
3291, 0.56
3292, 0.56
3293, 0.56
3294, 0.56
3295, 0.12
3296, 0.56
3297, 0.44
3298, 0.50
3299, 0.44
3300, 0.31
3301, 0.38
3302, 0.50
3303, 0.31
3304, 0.31
3305, 0.19
3306, 0.19
3307, 0.25
3308, 0.50
3309, 0.31
3310, 0.25
3311, 0.31
3312, 0.69
3313, 0.56
3314, 0.31
3315, 0.19
3316, 0.56
3317, 0.44
3318, 0.69
3319, 0.56
3320, 0.38
3321, 0.38
3322, 0.31
3323, 0.56
3324, 0.31
3325, 0.44
3326, 0.25
3327, 0.12
3328, 0.31
3329, 0.12
3330, 0.56
3331, 0.25
3332, 0.31
3333, 0.25
3334, 0.31
3335, 0.62
3336, 0.38
3337, 0.44
3338, 0.00
3339, 0.19
3340, 0.56
3341, 0.44
3342, 0.38
3343, 0.06
3344, 0.56
3345, 0.38
3346, 0.50
3347, 0.56
3348, 0.19
3349, 0.50
3350, 0.44
3351, 0.38
3352, 0.25
3353, 0.44
3354, 0.38
3355, 0.06
3356, 0.56
3357, 0.50
3358, 0.00
3359, 0.44
3360, 0.56
3361, 0.50
3362, 0.38
3363, 0.50
3364, 0.38
3365, 0.50
3366, 0.38
3367, 0.38
3368, 0.12
3369, 0.56
3370, 0.56
3371, 0.19
3372, 0.50
3373, 0.25
3374, 0.38
3375, 0.31
3376, 0.44
3377, 0.94
3378, 0.44
3379, 0.31
3380, 0.19
3381, 0.31
3382, 0.19
3383, 0.25
3384, 0.12
3385, 0.31
3386, 0.62
3387, 0.69
3388, 0.50
3389, 0.62
3390, 0.75
3391, 0.25
3392, 0.50
3393, 0.31
3394, 0.88
3395, 0.56
3396, 0.69
3397, 0.25
3398, 0.44
3399, 0.31
3400, 0.88
3401, 0.56
3402, 0.50
3403, 0.25
3404, 0.50
3405, 0.56
3406, 0.62
3407, 0.25
3408, 0.38
3409, 0.19
3410, 0.56
3411, 0.25
3412, 0.38
3413, 0.38
3414, 0.56
3415, 0.44
3416, 0.19
3417, 0.50
3418, 0.44
3419, 0.19
3420, 0.38
3421, 0.06
3422, 0.25
3423, 0.00
3424, 0.50
3425, 0.44
3426, 0.25
3427, 0.38
3428, 0.38
3429, 0.31
3430, 0.44
3431, 0.62
3432, 0.12
3433, 0.25
3434, 0.44
3435, 0.44
3436, 0.31
3437, 1.00
3438, 0.12
3439, 0.00
3440, 0.31
3441, 0.19
3442, 0.25
3443, 0.12
3444, 0.31
3445, 0.31
3446, 0.31
3447, 0.25
3448, 0.38
3449, 0.44
3450, 0.19
3451, 0.81
3452, 0.62
3453, 0.31
3454, 0.81
3455, 0.12
3456, 0.25
3457, 0.56
3458, 0.25
3459, 0.50
3460, 0.44
3461, 0.44
3462, 0.69
3463, 0.25
3464, 0.62
3465, 0.38
3466, 0.31
3467, 0.62
3468, 0.12
3469, 0.69
3470, 0.38
3471, 0.69
3472, 0.69
3473, 0.69
3474, 0.56
3475, 0.25
3476, 0.56
3477, 0.38
3478, 0.44
3479, 0.38
3480, 0.56
3481, 0.38
3482, 0.19
3483, 0.31
3484, 0.69
3485, 0.44
3486, 0.50
3487, 0.25
3488, 0.31
3489, 0.38
3490, 0.31
3491, 0.62
3492, 0.38
3493, 0.44
3494, 0.25
3495, 0.50
3496, 0.31
3497, 0.44
3498, 0.44
3499, 0.75
3500, 0.31
3501, 0.44
3502, 0.44
3503, 0.44
3504, 0.12
3505, 0.38
3506, 0.81
3507, 0.56
3508, 0.62
3509, 0.31
3510, 0.44
3511, 0.31
3512, 0.31
3513, 0.50
3514, 0.56
3515, 0.44
3516, 0.56
3517, 0.19
3518, 0.44
3519, 0.31
3520, 0.38
3521, 0.56
3522, 0.25
3523, 0.62
3524, 0.31
3525, 0.88
3526, 0.31
3527, 0.62
3528, 0.62
3529, 0.31
3530, 0.31
3531, 0.31
3532, 0.44
3533, 0.38
3534, 0.44
3535, 0.44
3536, 0.44
3537, 0.62
3538, 0.38
3539, 0.31
3540, 0.38
3541, 0.50
3542, 0.12
3543, 0.69
3544, 0.12
3545, 0.50
3546, 0.62
3547, 0.69
3548, 0.31
3549, 0.81
3550, 0.50
3551, 0.44
3552, 0.25
3553, 0.31
3554, 0.56
3555, 0.69
3556, 0.25
3557, 0.19
3558, 0.19
3559, 0.38
3560, 0.31
3561, 0.62
3562, 0.19
3563, 0.06
3564, 0.38
3565, 0.38
3566, 0.56
3567, 0.50
3568, 0.12
3569, 0.56
3570, 0.50
3571, 0.69
3572, 0.25
3573, 0.69
3574, 0.75
3575, 0.62
3576, 0.44
3577, 0.19
3578, 0.31
3579, 0.12
3580, 0.31
3581, 0.38
3582, 0.62
3583, 0.38
3584, 0.69
3585, 0.44
3586, 0.62
3587, 0.19
3588, 0.31
3589, 0.38
3590, 0.44
3591, 0.25
3592, 0.31
3593, 0.31
3594, 0.62
3595, 0.69
3596, 0.31
3597, 0.44
3598, 0.56
3599, 0.31
3600, 0.31
3601, 0.44
3602, 0.19
3603, 0.75
3604, 0.50
3605, 0.25
3606, 0.69
3607, 0.25
3608, 0.50
3609, 0.50
3610, 0.25
3611, 0.56
3612, 0.38
3613, 0.31
3614, 0.69
3615, 0.19
3616, 0.62
3617, 0.44
3618, 0.44
3619, 0.06
3620, 0.31
3621, 0.19
3622, 0.38
3623, 0.81
3624, 0.62
3625, 0.38
3626, 0.69
3627, 0.50
3628, 0.44
3629, 0.38
3630, 0.50
3631, 0.69
3632, 0.31
3633, 0.56
3634, 0.38
3635, 0.31
3636, 0.44
3637, 0.25
3638, 0.69
3639, 0.31
3640, 0.25
3641, 0.50
3642, 0.38
3643, 0.56
3644, 0.50
3645, 0.44
3646, 0.69
3647, 0.56
3648, 0.31
3649, 0.44
3650, 0.31
3651, 0.31
3652, 0.31
3653, 0.62
3654, 0.62
3655, 0.56
3656, 0.06
3657, 0.31
3658, 0.25
3659, 0.31
3660, 0.62
3661, 0.44
3662, 0.50
3663, 0.44
3664, 0.31
3665, 0.31
3666, 0.38
3667, 0.50
3668, 0.38
3669, 0.69
3670, 0.19
3671, 0.44
3672, 0.56
3673, 0.25
3674, 0.25
3675, 0.44
3676, 0.19
3677, 0.31
3678, 0.69
3679, 0.44
3680, 0.50
3681, 0.56
3682, 0.12
3683, 0.31
3684, 0.31
3685, 0.62
3686, 0.56
3687, 0.44
3688, 0.50
3689, 0.31
3690, 0.38
3691, 0.12
3692, 0.50
3693, 0.19
3694, 0.62
3695, 0.56
3696, 0.31
3697, 0.44
3698, 0.38
3699, 0.25
3700, 0.56
3701, 0.44
3702, 0.25
3703, 0.56
3704, 0.38
3705, 0.25
3706, 0.44
3707, 0.62
3708, 0.38
3709, 0.31
3710, 0.12
3711, 0.62
3712, 0.38
3713, 0.69
3714, 0.44
3715, 0.50
3716, 0.56
3717, 0.75
3718, 0.19
3719, 0.19
3720, 0.25
3721, 0.44
3722, 0.69
3723, 0.25
3724, 0.56
3725, 0.50
3726, 0.19
3727, 0.38
3728, 0.69
3729, 0.38
3730, 0.25
3731, 0.56
3732, 0.38
3733, 0.31
3734, 0.38
3735, 0.44
3736, 0.50
3737, 0.62
3738, 0.44
3739, 0.69
3740, 0.44
3741, 0.81
3742, 0.19
3743, 0.31
3744, 0.31
3745, 0.62
3746, 0.44
3747, 0.62
3748, 0.25
3749, 0.44
3750, 0.50
3751, 0.38
3752, 0.62
3753, 0.31
3754, 0.75
3755, 0.38
3756, 0.62
3757, 0.38
3758, 0.38
3759, 0.38
3760, 0.38
3761, 0.31
3762, 0.50
3763, 0.44
3764, 0.12
3765, 0.31
3766, 0.38
3767, 0.25
3768, 0.38
3769, 0.56
3770, 0.25
3771, 0.69
3772, 0.69
3773, 0.31
3774, 0.56
3775, 0.69
3776, 0.19
3777, 0.38
3778, 0.44
3779, 0.31
3780, 0.69
3781, 0.56
3782, 0.62
3783, 0.69
3784, 0.25
3785, 0.50
3786, 0.75
3787, 0.50
3788, 0.44
3789, 0.31
3790, 0.25
3791, 0.25
3792, 0.25
3793, 0.50
3794, 0.75
3795, 0.38
3796, 0.31
3797, 0.50
3798, 0.44
3799, 0.38
3800, 0.25
3801, 0.25
3802, 0.56
3803, 0.62
3804, 0.31
3805, 0.50
3806, 0.31
3807, 0.38
3808, 0.56
3809, 0.31
3810, 0.19
3811, 0.50
3812, 0.38
3813, 0.69
3814, 0.44
3815, 0.38
3816, 0.19
3817, 0.19
3818, 0.19
3819, 0.25
3820, 0.31
3821, 0.31
3822, 0.44
3823, 0.50
3824, 0.38
3825, 0.12
3826, 0.31
3827, 0.25
3828, 0.75
3829, 0.31
3830, 0.44
3831, 0.25
3832, 0.25
3833, 0.50
3834, 0.56
3835, 0.19
3836, 1.00
3837, 0.62
3838, 0.31
3839, 0.38
3840, 0.25
3841, 0.12
3842, 0.56
3843, 0.56
3844, 0.62
3845, 0.06
3846, 0.50
3847, 0.62
3848, 0.50
3849, 0.31
3850, 0.56
3851, 0.31
3852, 0.69
3853, 0.38
3854, 0.31
3855, 0.88
3856, 0.75
3857, 0.69
3858, 0.56
3859, 0.44
3860, 0.25
3861, 0.56
3862, 0.25
3863, 0.38
3864, 0.31
3865, 0.31
3866, 0.44
3867, 0.50
3868, 0.25
3869, 0.31
3870, 0.25
3871, 0.44
3872, 0.56
3873, 0.38
3874, 0.38
3875, 0.56
3876, 0.25
3877, 0.38
3878, 0.31
3879, 0.50
3880, 0.56
3881, 0.44
3882, 0.38
3883, 0.38
3884, 0.38
3885, 0.38
3886, 0.12
3887, 0.19
3888, 0.31
3889, 0.62
3890, 0.44
3891, 0.50
3892, 0.31
3893, 0.12
3894, 0.12
3895, 0.44
3896, 0.25
3897, 0.56
3898, 0.50
3899, 0.31
3900, 0.31
3901, 0.62
3902, 0.44
3903, 0.31
3904, 0.69
3905, 0.69
3906, 0.25
3907, 0.69
3908, 0.69
3909, 0.31
3910, 0.38
3911, 0.44
3912, 0.50
3913, 0.31
3914, 0.19
3915, 0.62
3916, 0.25
3917, 0.31
3918, 0.44
3919, 0.56
3920, 0.62
3921, 0.25
3922, 0.69
3923, 0.44
3924, 0.69
3925, 0.38
3926, 0.56
3927, 0.38
3928, 0.62
3929, 0.62
3930, 0.12
3931, 0.50
3932, 0.25
3933, 0.31
3934, 0.38
3935, 0.25
3936, 0.50
3937, 0.06
3938, 0.31
3939, 0.31
3940, 0.31
3941, 0.56
3942, 0.06
3943, 0.25
3944, 0.56
3945, 0.31
3946, 0.44
3947, 0.38
3948, 0.06
3949, 0.56
3950, 0.50
3951, 0.50
3952, 0.56
3953, 0.31
3954, 0.31
3955, 0.12
3956, 0.38
3957, 0.50
3958, 0.50
3959, 0.62
3960, 0.19
3961, 0.44
3962, 0.44
3963, 0.31
3964, 0.81
3965, 0.62
3966, 0.38
3967, 0.19
3968, 0.31
3969, 0.38
3970, 0.44
3971, 0.69
3972, 0.31
3973, 0.56
3974, 0.56
3975, 0.62
3976, 0.31
3977, 0.31
3978, 0.62
3979, 0.44
3980, 0.19
3981, 0.81
3982, 0.50
3983, 0.75
3984, 0.31
3985, 0.25
3986, 0.31
3987, 0.44
3988, 0.38
3989, 0.69
3990, 0.31
3991, 0.31
3992, 0.25
3993, 0.62
3994, 0.75
3995, 0.50
3996, 0.38
3997, 0.62
3998, 0.44
3999, 0.31
4000, 0.50
4001, 0.31
4002, 0.56
4003, 0.56
4004, 0.44
4005, 0.50
4006, 0.19
4007, 0.31
4008, 0.62
4009, 0.25
4010, 0.12
4011, 0.38
4012, 0.38
4013, 0.19
4014, 0.38
4015, 0.62
4016, 0.12
4017, 0.50
4018, 0.50
4019, 0.25
4020, 0.31
4021, 0.62
4022, 0.75
4023, 0.50
4024, 0.31
4025, 0.38
4026, 0.38
4027, 0.38
4028, 0.56
4029, 0.56
4030, 0.38
4031, 0.19
4032, 0.31
4033, 0.50
4034, 0.62
4035, 0.31
4036, 0.56
4037, 0.31
4038, 0.56
4039, 0.94
4040, 0.62
4041, 0.25
4042, 0.38
4043, 0.50
4044, 0.31
4045, 0.31
4046, 0.62
4047, 0.31
4048, 0.31
4049, 0.44
4050, 0.25
4051, 0.38
4052, 0.31
4053, 0.12
4054, 0.69
4055, 0.56
4056, 0.31
4057, 0.44
4058, 0.44
4059, 0.38
4060, 0.31
4061, 0.56
4062, 0.38
4063, 0.19
4064, 0.25
4065, 0.56
4066, 0.62
4067, 0.50
4068, 0.88
4069, 0.25
4070, 0.12
4071, 0.38
4072, 0.44
4073, 0.62
4074, 0.44
4075, 0.62
4076, 0.56
4077, 0.50
4078, 0.56
4079, 0.44
4080, 0.38
4081, 0.31
4082, 0.38
4083, 0.69
4084, 0.50
4085, 0.56
4086, 0.44
4087, 0.94
4088, 0.19
4089, 0.50
4090, 0.50
4091, 0.38
4092, 0.50
4093, 0.31
4094, 0.50
4095, 0.25
4096, 0.31
4097, 0.25
4098, 0.31
4099, 0.44
4100, 0.19
4101, 0.12
4102, 0.38
4103, 0.44
4104, 0.19
4105, 0.38
4106, 0.56
4107, 0.31
4108, 0.75
4109, 0.31
4110, 0.62
4111, 0.56
4112, 0.62
4113, 0.50
4114, 0.38
4115, 0.56
4116, 0.38
4117, 0.62
4118, 0.31
4119, 0.44
4120, 0.31
4121, 0.19
4122, 0.38
4123, 0.12
4124, 0.31
4125, 0.56
4126, 0.38
4127, 0.31
4128, 0.31
4129, 0.31
4130, 0.38
4131, 0.31
4132, 0.69
4133, 0.38
4134, 0.44
4135, 0.25
4136, 0.31
4137, 0.69
4138, 0.44
4139, 0.25
4140, 0.50
4141, 0.62
4142, 0.31
4143, 0.31
4144, 0.38
4145, 0.50
4146, 0.56
4147, 0.31
4148, 0.19
4149, 0.12
4150, 0.50
4151, 0.50
4152, 0.62
4153, 0.44
4154, 0.62
4155, 0.62
4156, 0.44
4157, 0.50
4158, 0.56
4159, 0.25
4160, 0.44
4161, 0.25
4162, 0.25
4163, 0.12
4164, 0.25
4165, 0.56
4166, 0.44
4167, 0.38
4168, 0.25
4169, 0.44
4170, 0.62
4171, 0.62
4172, 0.31
4173, 0.38
4174, 0.12
4175, 0.19
4176, 0.62
4177, 0.56
4178, 0.81
4179, 0.50
4180, 0.38
4181, 0.31
4182, 0.56
4183, 0.44
4184, 0.31
4185, 0.25
4186, 0.31
4187, 0.38
4188, 0.56
4189, 0.50
4190, 0.44
4191, 0.56
4192, 0.56
4193, 0.75
4194, 0.12
4195, 0.31
4196, 0.56
4197, 0.44
4198, 0.44
4199, 0.50
4200, 0.62
4201, 0.12
4202, 0.56
4203, 0.19
4204, 0.56
4205, 0.38
4206, 0.31
4207, 0.19
4208, 0.38
4209, 0.19
4210, 0.25
4211, 0.44
4212, 0.38
4213, 0.62
4214, 0.19
4215, 0.38
4216, 0.56
4217, 0.19
4218, 0.50
4219, 0.56
4220, 0.31
4221, 0.69
4222, 0.38
4223, 0.25
4224, 0.31
4225, 0.50
4226, 0.12
4227, 0.25
4228, 0.38
4229, 0.25
4230, 0.69
4231, 0.50
4232, 0.56
4233, 0.38
4234, 0.31
4235, 0.44
4236, 0.25
4237, 0.38
4238, 0.31
4239, 0.69
4240, 0.25
4241, 0.56
4242, 0.56
4243, 0.75
4244, 0.56
4245, 0.25
4246, 0.44
4247, 0.56
4248, 0.25
4249, 0.75
4250, 0.19
4251, 0.69
4252, 0.50
4253, 0.31
4254, 0.25
4255, 0.75
4256, 0.56
4257, 0.25
4258, 0.56
4259, 0.56
4260, 0.56
4261, 0.56
4262, 0.38
4263, 0.12
4264, 0.31
4265, 0.44
4266, 0.69
4267, 0.31
4268, 0.62
4269, 0.38
4270, 0.69
4271, 0.69
4272, 0.19
4273, 0.50
4274, 0.50
4275, 0.56
4276, 0.69
4277, 0.06
4278, 0.38
4279, 0.25
4280, 0.50
4281, 0.38
4282, 0.38
4283, 0.50
4284, 0.50
4285, 0.62
4286, 0.56
4287, 0.56
4288, 0.50
4289, 0.62
4290, 0.44
4291, 0.50
4292, 0.38
4293, 0.19
4294, 0.69
4295, 0.44
4296, 0.31
4297, 0.31
4298, 0.25
4299, 0.31
4300, 0.38
4301, 0.31
4302, 0.38
4303, 0.50
4304, 0.31
4305, 0.56
4306, 0.25
4307, 0.69
4308, 0.56
4309, 0.75
4310, 0.62
4311, 0.25
4312, 0.19
4313, 0.69
4314, 0.75
4315, 0.56
4316, 0.38
4317, 0.12
4318, 0.38
4319, 0.12
4320, 0.62
4321, 0.62
4322, 0.38
4323, 0.88
4324, 0.50
4325, 0.50
4326, 0.31
4327, 0.50
4328, 0.81
4329, 0.50
4330, 0.19
4331, 0.56
4332, 0.56
4333, 0.75
4334, 0.38
4335, 0.50
4336, 0.31
4337, 0.25
4338, 0.69
4339, 0.56
4340, 0.56
4341, 0.69
4342, 0.56
4343, 0.19
4344, 0.44
4345, 0.50
4346, 0.44
4347, 0.38
4348, 0.19
4349, 0.56
4350, 0.31
4351, 0.38
4352, 0.12
4353, 0.31
4354, 0.38
4355, 0.62
4356, 0.50
4357, 0.69
4358, 0.31
4359, 0.44
4360, 0.38
4361, 0.38
4362, 0.38
4363, 0.38
4364, 0.50
4365, 0.94
4366, 0.56
4367, 0.50
4368, 0.62
4369, 0.56
4370, 0.50
4371, 0.50
4372, 0.38
4373, 0.06
4374, 0.31
4375, 0.31
4376, 0.50
4377, 0.50
4378, 0.25
4379, 0.31
4380, 0.38
4381, 0.44
4382, 0.25
4383, 0.62
4384, 0.50
4385, 0.44
4386, 0.56
4387, 0.75
4388, 0.81
4389, 0.31
4390, 0.19
4391, 0.44
4392, 0.50
4393, 0.12
4394, 0.44
4395, 0.31
4396, 0.31
4397, 0.38
4398, 0.38
4399, 0.50
4400, 0.62
4401, 0.25
4402, 0.44
4403, 0.50
4404, 0.25
4405, 0.44
4406, 0.50
4407, 0.25
4408, 0.50
4409, 0.50
4410, 0.62
4411, 0.56
4412, 0.44
4413, 0.38
4414, 0.19
4415, 0.19
4416, 0.31
4417, 0.50
4418, 0.50
4419, 0.25
4420, 0.31
4421, 0.31
4422, 0.50
4423, 0.31
4424, 0.75
4425, 0.31
4426, 0.38
4427, 0.19
4428, 0.06
4429, 0.38
4430, 0.44
4431, 0.25
4432, 0.38
4433, 0.31
4434, 0.31
4435, 0.56
4436, 0.38
4437, 0.31
4438, 0.62
4439, 0.50
4440, 0.56
4441, 0.44
4442, 0.25
4443, 0.38
4444, 0.12
4445, 0.50
4446, 0.31
4447, 0.56
4448, 0.62
4449, 0.12
4450, 0.25
4451, 0.25
4452, 0.44
4453, 0.31
4454, 0.31
4455, 0.19
4456, 0.50
4457, 0.25
4458, 0.94
4459, 0.38
4460, 0.38
4461, 0.25
4462, 0.19
4463, 0.38
4464, 0.19
4465, 0.50
4466, 0.38
4467, 0.38
4468, 0.44
4469, 0.50
4470, 0.44
4471, 0.19
4472, 0.38
4473, 0.38
4474, 0.31
4475, 0.69
4476, 0.56
4477, 0.44
4478, 0.62
4479, 0.50
4480, 0.31
4481, 0.62
4482, 0.31
4483, 0.44
4484, 0.44
4485, 0.12
4486, 0.31
4487, 0.56
4488, 0.38
4489, 0.25
4490, 0.50
4491, 0.50
4492, 0.38
4493, 0.44
4494, 0.25
4495, 0.56
4496, 0.25
4497, 0.19
4498, 0.81
4499, 0.25
4500, 0.44
4501, 0.38
4502, 0.56
4503, 0.25
4504, 0.44
4505, 0.50
4506, 0.31
4507, 0.25
4508, 0.44
4509, 0.38
4510, 0.50
4511, 0.25
4512, 0.50
4513, 0.50
4514, 0.44
4515, 0.69
4516, 0.50
4517, 0.62
4518, 0.81
4519, 0.25
4520, 0.44
4521, 0.38
4522, 0.38
4523, 0.56
4524, 0.62
4525, 0.12
4526, 0.56
4527, 0.69
4528, 0.44
4529, 0.56
4530, 0.62
4531, 0.38
4532, 0.31
4533, 0.38
4534, 0.62
4535, 0.62
4536, 0.50
4537, 0.50
4538, 0.69
4539, 0.12
4540, 0.31
4541, 0.38
4542, 0.38
4543, 0.19
4544, 0.44
4545, 0.56
4546, 0.31
4547, 0.56
4548, 0.69
4549, 0.50
4550, 0.56
4551, 0.44
4552, 0.19
4553, 0.75
4554, 0.62
4555, 0.31
4556, 0.50
4557, 0.50
4558, 0.50
4559, 0.44
4560, 0.31
4561, 0.31
4562, 0.56
4563, 0.25
4564, 0.62
4565, 0.56
4566, 0.50
4567, 0.56
4568, 0.31
4569, 0.75
4570, 0.19
4571, 0.25
4572, 0.44
4573, 0.31
4574, 0.62
4575, 0.88
4576, 0.56
4577, 0.31
4578, 0.12
4579, 0.31
4580, 0.19
4581, 0.38
4582, 0.25
4583, 0.56
4584, 0.31
4585, 0.81
4586, 0.50
4587, 0.56
4588, 0.50
4589, 0.50
4590, 0.12
4591, 0.56
4592, 0.31
4593, 0.62
4594, 0.50
4595, 0.81
4596, 0.38
4597, 0.44
4598, 0.50
4599, 0.31
4600, 0.56
4601, 0.19
4602, 0.69
4603, 0.31
4604, 0.31
4605, 0.31
4606, 0.31
4607, 0.25
4608, 0.44
4609, 0.25
4610, 0.38
4611, 0.69
4612, 0.69
4613, 0.19
4614, 0.31
4615, 0.06
4616, 0.25
4617, 0.75
4618, 0.38
4619, 0.19
4620, 0.38
4621, 0.69
4622, 0.75
4623, 0.38
4624, 0.62
4625, 0.38
4626, 0.62
4627, 0.12
4628, 0.25
4629, 0.44
4630, 0.62
4631, 0.38
4632, 0.38
4633, 0.50
4634, 0.69
4635, 0.44
4636, 0.62
4637, 0.38
4638, 0.56
4639, 0.69
4640, 0.56
4641, 0.44
4642, 0.50
4643, 0.31
4644, 0.31
4645, 0.19
4646, 0.19
4647, 0.62
4648, 0.56
4649, 0.44
4650, 0.31
4651, 0.50
4652, 0.38
4653, 0.50
4654, 0.69
4655, 0.44
4656, 0.25
4657, 0.44
4658, 0.25
4659, 0.19
4660, 0.44
4661, 0.56
4662, 0.25
4663, 0.38
4664, 0.88
4665, 0.50
4666, 0.38
4667, 0.75
4668, 0.25
4669, 0.44
4670, 0.75
4671, 0.69
4672, 0.38
4673, 0.12
4674, 0.62
4675, 0.56
4676, 0.19
4677, 0.44
4678, 0.12
4679, 0.25
4680, 0.62
4681, 0.75
4682, 0.69
4683, 0.56
4684, 0.88
4685, 0.31
4686, 0.31
4687, 0.38
4688, 0.06
4689, 0.69
4690, 0.62
4691, 0.62
4692, 0.69
4693, 0.44
4694, 0.62
4695, 0.44
4696, 0.44
4697, 0.50
4698, 0.19
4699, 0.31
4700, 0.19
4701, 0.56
4702, 0.62
4703, 0.56
4704, 0.19
4705, 0.25
4706, 0.69
4707, 0.38
4708, 0.69
4709, 0.38
4710, 0.25
4711, 0.31
4712, 0.56
4713, 0.38
4714, 0.31
4715, 0.31
4716, 0.50
4717, 0.56
4718, 0.50
4719, 0.88
4720, 0.31
4721, 0.31
4722, 0.44
4723, 0.38
4724, 0.31
4725, 0.25
4726, 0.44
4727, 0.62
4728, 0.31
4729, 0.31
4730, 0.56
4731, 0.38
4732, 0.25
4733, 0.38
4734, 0.31
4735, 0.31
4736, 0.38
4737, 0.31
4738, 0.50
4739, 0.38
4740, 0.44
4741, 0.25
4742, 0.31
4743, 0.31
4744, 0.50
4745, 0.19
4746, 0.25
4747, 0.38
4748, 0.25
4749, 0.62
4750, 0.62
4751, 0.69
4752, 0.25
4753, 0.62
4754, 0.50
4755, 0.56
4756, 0.44
4757, 0.44
4758, 0.44
4759, 0.38
4760, 0.69
4761, 0.62
4762, 0.56
4763, 0.19
4764, 0.31
4765, 0.69
4766, 0.38
4767, 0.44
4768, 0.44
4769, 0.44
4770, 0.50
4771, 0.56
4772, 0.31
4773, 0.44
4774, 0.69
4775, 0.38
4776, 0.31
4777, 0.25
4778, 0.62
4779, 0.25
4780, 0.38
4781, 0.25
4782, 0.31
4783, 0.38
4784, 0.44
4785, 0.62
4786, 0.94
4787, 0.50
4788, 0.38
4789, 0.50
4790, 0.50
4791, 0.31
4792, 0.62
4793, 0.38
4794, 0.38
4795, 0.69
4796, 0.94
4797, 0.56
4798, 0.50
4799, 0.31
4800, 0.44
4801, 0.69
4802, 0.38
4803, 0.19
4804, 0.38
4805, 0.44
4806, 0.25
4807, 0.62
4808, 0.31
4809, 0.38
4810, 0.50
4811, 0.31
4812, 0.38
4813, 0.19
4814, 0.12
4815, 0.38
4816, 0.31
4817, 0.62
4818, 0.38
4819, 0.31
4820, 0.50
4821, 0.31
4822, 0.31
4823, 0.12
4824, 0.44
4825, 0.31
4826, 0.50
4827, 0.38
4828, 0.62
4829, 0.75
4830, 0.50
4831, 0.56
4832, 0.12
4833, 0.56
4834, 0.31
4835, 0.38
4836, 0.25
4837, 0.25
4838, 0.31
4839, 0.25
4840, 0.50
4841, 0.69
4842, 0.19
4843, 0.31
4844, 0.69
4845, 0.38
4846, 0.75
4847, 0.56
4848, 0.31
4849, 0.25
4850, 0.56
4851, 0.12
4852, 0.75
4853, 0.31
4854, 0.19
4855, 0.31
4856, 0.38
4857, 0.31
4858, 0.31
4859, 0.38
4860, 0.31
4861, 0.25
4862, 0.50
4863, 0.50
4864, 0.75
4865, 0.31
4866, 0.44
4867, 0.31
4868, 0.12
4869, 0.38
4870, 0.44
4871, 0.62
4872, 0.69
4873, 0.38
4874, 0.62
4875, 0.62
4876, 0.62
4877, 0.56
4878, 0.25
4879, 0.38
4880, 0.50
4881, 0.25
4882, 0.50
4883, 0.25
4884, 0.25
4885, 0.44
4886, 0.69
4887, 0.44
4888, 0.56
4889, 0.50
4890, 0.19
4891, 0.56
4892, 0.00
4893, 0.81
4894, 0.25
4895, 0.38
4896, 0.56
4897, 0.38
4898, 0.19
4899, 0.25
4900, 0.69
4901, 0.31
4902, 0.31
4903, 0.50
4904, 0.56
4905, 0.56
4906, 0.94
4907, 0.44
4908, 0.25
4909, 0.69
4910, 0.44
4911, 0.31
4912, 0.56
4913, 0.62
4914, 0.56
4915, 0.38
4916, 0.62
4917, 0.25
4918, 0.38
4919, 0.31
4920, 0.44
4921, 0.44
4922, 0.75
4923, 1.00
4924, 0.25
4925, 0.25
4926, 0.12
4927, 0.50
4928, 0.25
4929, 0.62
4930, 0.69
4931, 0.56
4932, 0.31
4933, 0.50
4934, 0.44
4935, 0.38
4936, 0.62
4937, 0.62
4938, 0.25
4939, 0.31
4940, 0.25
4941, 0.56
4942, 0.56
4943, 0.44
4944, 0.81
4945, 0.38
4946, 0.50
4947, 0.44
4948, 0.25
4949, 0.81
4950, 0.50
4951, 0.38
4952, 0.38
4953, 0.25
4954, 0.12
4955, 0.50
4956, 0.75
4957, 0.44
4958, 0.62
4959, 0.31
4960, 0.38
4961, 0.44
4962, 0.31
4963, 0.19
4964, 0.50
4965, 0.31
4966, 0.31
4967, 0.44
4968, 0.56
4969, 0.56
4970, 0.38
4971, 0.56
4972, 0.38
4973, 0.31
4974, 0.62
4975, 0.62
4976, 0.25
4977, 0.12
4978, 0.19
4979, 0.44
4980, 0.62
4981, 0.50
4982, 0.50
4983, 0.69
4984, 0.31
4985, 0.62
4986, 0.62
4987, 0.44
4988, 0.56
4989, 0.31
4990, 0.31
4991, 0.44
4992, 0.12
4993, 0.31
4994, 0.50
4995, 0.50
4996, 0.38
4997, 0.12
4998, 0.25
4999, 0.25
5000, 0.88
5001, 0.19
5002, 0.50
5003, 0.44
5004, 0.38
5005, 0.25
5006, 0.50
5007, 0.31
5008, 0.25
5009, 0.62
5010, 0.56
5011, 0.12
5012, 0.31
5013, 0.38
5014, 0.38
5015, 0.19
5016, 0.31
5017, 0.56
5018, 0.56
5019, 0.62
5020, 0.31
5021, 0.12
5022, 0.44
5023, 0.94
5024, 0.25
5025, 0.75
5026, 0.69
5027, 0.38
5028, 0.38
5029, 0.19
5030, 0.31
5031, 0.31
5032, 0.44
5033, 0.25
5034, 0.19
5035, 0.31
5036, 0.31
5037, 0.50
5038, 0.31
5039, 0.62
5040, 0.31
5041, 0.31
5042, 0.38
5043, 0.12
5044, 0.44
5045, 0.31
5046, 0.31
5047, 0.38
5048, 0.56
5049, 0.31
5050, 0.31
5051, 0.31
5052, 0.31
5053, 0.81
5054, 0.31
5055, 0.31
5056, 0.31
5057, 0.44
5058, 0.31
5059, 0.62
5060, 0.56
5061, 0.19
5062, 0.69
5063, 0.44
5064, 0.38
5065, 0.38
5066, 0.44
5067, 0.44
5068, 0.81
5069, 0.44
5070, 0.56
5071, 0.69
5072, 0.25
5073, 0.75
5074, 0.38
5075, 0.50
5076, 0.31
5077, 0.50
5078, 0.88
5079, 0.88
5080, 0.69
5081, 0.25
5082, 0.31
5083, 0.44
5084, 0.31
5085, 0.69
5086, 0.31
5087, 0.19
5088, 0.69
5089, 0.88
5090, 0.44
5091, 0.31
5092, 0.31
5093, 0.56
5094, 0.38
5095, 0.69
5096, 0.38
5097, 0.25
5098, 0.44
5099, 0.25
5100, 0.25
5101, 0.31
5102, 0.19
5103, 0.31
5104, 0.56
5105, 0.62
5106, 0.31
5107, 0.38
5108, 0.56
5109, 0.69
5110, 0.12
5111, 0.44
5112, 0.31
5113, 0.31
5114, 0.38
5115, 0.38
5116, 0.44
5117, 0.50
5118, 0.56
5119, 0.44
5120, 0.44
5121, 0.62
5122, 0.06
5123, 0.44
5124, 0.38
5125, 0.25
5126, 0.50
5127, 0.12
5128, 0.50
5129, 0.44
5130, 0.44
5131, 0.06
5132, 0.62
5133, 0.62
5134, 0.62
5135, 0.56
5136, 0.44
5137, 0.25
5138, 0.44
5139, 0.25
5140, 0.50
5141, 0.56
5142, 0.88
5143, 0.31
5144, 0.31
5145, 0.31
5146, 0.19
5147, 0.19
5148, 0.69
5149, 0.31
5150, 0.50
5151, 0.50
5152, 0.12
5153, 0.62
5154, 0.69
5155, 0.31
5156, 0.56
5157, 0.31
5158, 0.31
5159, 0.50
5160, 0.19
5161, 0.56
5162, 0.38
5163, 0.44
5164, 0.44
5165, 0.56
5166, 0.50
5167, 0.25
5168, 0.31
5169, 0.50
5170, 0.44
5171, 0.44
5172, 0.69
5173, 0.31
5174, 0.31
5175, 0.06
5176, 0.56
5177, 0.69
5178, 0.31
5179, 0.31
5180, 0.31
5181, 0.44
5182, 0.19
5183, 0.31
5184, 0.69
5185, 0.56
5186, 0.38
5187, 0.38
5188, 0.19
5189, 0.44
5190, 0.31
5191, 0.31
5192, 0.69
5193, 0.31
5194, 0.56
5195, 0.62
5196, 0.62
5197, 0.25
5198, 0.44
5199, 0.50
5200, 0.62
5201, 0.44
5202, 0.50
5203, 0.19
5204, 0.38
5205, 0.75
5206, 0.50
5207, 0.69
5208, 0.50
5209, 0.56
5210, 0.50
5211, 0.44
5212, 0.38
5213, 0.44
5214, 0.25
5215, 0.56
5216, 0.19
5217, 0.69
5218, 0.19
5219, 0.31
5220, 0.62
5221, 0.31
5222, 0.31
5223, 0.62
5224, 0.44
5225, 0.69
5226, 0.31
5227, 0.12
5228, 0.44
5229, 0.12
5230, 0.31
5231, 0.00
5232, 0.25
5233, 0.56
5234, 0.12
5235, 0.50
5236, 0.44
5237, 0.56
5238, 0.19
5239, 0.25
5240, 0.56
5241, 0.88
5242, 0.44
5243, 0.62
5244, 0.38
5245, 0.12
5246, 0.75
5247, 0.50
5248, 0.31
5249, 0.44
5250, 0.38
5251, 0.44
5252, 0.31
5253, 0.25
5254, 0.25
5255, 0.50
5256, 0.19
5257, 0.00
5258, 0.50
5259, 0.38
5260, 0.56
5261, 0.62
5262, 0.31
5263, 0.56
5264, 0.25
5265, 0.62
5266, 0.44
5267, 0.81
5268, 0.25
5269, 0.56
5270, 0.38
5271, 0.31
5272, 0.62
5273, 0.25
5274, 0.75
5275, 0.75
5276, 0.38
5277, 0.56
5278, 0.50
5279, 0.56
5280, 0.44
5281, 0.56
5282, 0.62
5283, 0.62
5284, 0.69
5285, 0.56
5286, 0.25
5287, 0.44
5288, 0.44
5289, 0.56
5290, 0.56
5291, 0.44
5292, 0.38
5293, 0.44
5294, 0.12
5295, 0.25
5296, 0.00
5297, 0.69
5298, 0.25
5299, 0.56
5300, 0.44
5301, 0.38
5302, 0.25
5303, 0.75
5304, 0.38
5305, 0.38
5306, 0.50
5307, 0.56
5308, 0.38
5309, 0.69
5310, 0.50
5311, 0.38
5312, 0.56
5313, 0.38
5314, 0.88
5315, 0.56
5316, 0.50
5317, 0.06
5318, 0.50
5319, 0.56
5320, 0.94
5321, 0.50
5322, 0.56
5323, 0.44
5324, 0.56
5325, 0.62
5326, 0.19
5327, 0.50
5328, 0.56
5329, 0.19
5330, 0.38
5331, 0.19
5332, 0.25
5333, 0.31
5334, 0.50
5335, 0.44
5336, 0.50
5337, 0.50
5338, 0.44
5339, 0.56
5340, 0.12
5341, 0.56
5342, 0.31
5343, 0.38
5344, 0.38
5345, 0.38
5346, 0.25
5347, 0.62
5348, 0.38
5349, 0.31
5350, 0.62
5351, 0.62
5352, 0.31
5353, 0.38
5354, 0.38
5355, 0.62
5356, 0.94
5357, 0.56
5358, 0.31
5359, 0.25
5360, 0.44
5361, 0.75
5362, 0.62
5363, 0.38
5364, 0.44
5365, 0.31
5366, 0.44
5367, 0.56
5368, 0.25
5369, 0.50
5370, 0.62
5371, 0.38
5372, 0.19
5373, 0.44
5374, 0.38
5375, 0.69
5376, 0.19
5377, 0.25
5378, 0.38
5379, 0.50
5380, 0.56
5381, 0.19
5382, 0.25
5383, 0.50
5384, 0.25
5385, 0.25
5386, 0.25
5387, 0.44
5388, 0.19
5389, 0.19
5390, 0.31
5391, 0.69
5392, 0.50
5393, 0.38
5394, 0.69
5395, 0.25
5396, 0.94
5397, 0.38
5398, 0.62
5399, 0.56
5400, 0.31
5401, 0.81
5402, 0.44
5403, 0.19
5404, 0.19
5405, 0.19
5406, 0.38
5407, 0.31
5408, 0.44
5409, 0.38
5410, 0.25
5411, 0.06
5412, 0.38
5413, 0.50
5414, 0.38
5415, 0.69
5416, 0.75
5417, 0.38
5418, 0.12
5419, 0.56
5420, 0.69
5421, 0.44
5422, 0.50
5423, 0.50
5424, 0.50
5425, 0.38
5426, 0.50
5427, 0.38
5428, 0.31
5429, 0.56
5430, 0.38
5431, 0.56
5432, 0.62
5433, 0.25
5434, 0.81
5435, 0.25
5436, 0.31
5437, 0.75
5438, 0.62
5439, 0.25
5440, 0.25
5441, 0.69
5442, 0.56
5443, 0.56
5444, 0.44
5445, 0.31
5446, 0.75
5447, 0.31
5448, 0.50
5449, 0.25
5450, 0.19
5451, 0.31
5452, 0.19
5453, 0.69
5454, 0.56
5455, 0.25
5456, 0.56
5457, 0.75
5458, 0.25
5459, 0.94
5460, 0.38
5461, 0.62
5462, 0.31
5463, 0.44
5464, 0.62
5465, 0.69
5466, 0.31
5467, 0.56
5468, 0.56
5469, 0.31
5470, 0.44
5471, 0.44
5472, 0.38
5473, 0.50
5474, 0.62
5475, 0.31
5476, 0.56
5477, 0.56
5478, 0.31
5479, 0.62
5480, 0.25
5481, 0.56
5482, 0.12
5483, 0.25
5484, 0.19
5485, 0.19
5486, 0.50
5487, 0.62
5488, 0.12
5489, 0.44
5490, 0.56
5491, 0.38
5492, 0.88
5493, 0.50
5494, 0.25
5495, 0.25
5496, 0.62
5497, 0.44
5498, 0.38
5499, 0.44
5500, 0.62
5501, 0.38
5502, 0.56
5503, 0.50
5504, 0.31
5505, 0.56
5506, 0.56
5507, 0.38
5508, 0.31
5509, 0.44
5510, 0.56
5511, 0.31
5512, 0.31
5513, 0.69
5514, 0.94
5515, 0.50
5516, 0.50
5517, 0.50
5518, 0.19
5519, 0.44
5520, 0.75
5521, 0.25
5522, 0.31
5523, 0.31
5524, 0.88
5525, 0.38
5526, 0.25
5527, 0.56
5528, 0.19
5529, 0.50
5530, 0.44
5531, 0.12
5532, 0.50
5533, 0.56
5534, 0.25
5535, 0.38
5536, 0.50
5537, 0.31
5538, 0.56
5539, 0.38
5540, 0.12
5541, 0.06
5542, 0.56
5543, 0.44
5544, 0.56
5545, 0.31
5546, 0.38
5547, 0.38
5548, 0.50
5549, 0.50
5550, 0.25
5551, 0.31
5552, 0.31
5553, 0.31
5554, 0.75
5555, 0.25
5556, 0.69
5557, 0.62
5558, 0.56
5559, 0.44
5560, 0.69
5561, 0.25
5562, 0.38
5563, 0.38
5564, 0.31
5565, 0.44
5566, 0.38
5567, 0.50
5568, 0.44
5569, 0.31
5570, 0.25
5571, 0.56
5572, 0.56
5573, 0.69
5574, 0.44
5575, 0.50
5576, 0.50
5577, 0.56
5578, 0.44
5579, 0.12
5580, 0.56
5581, 0.31
5582, 0.31
5583, 0.31
5584, 0.69
5585, 0.44
5586, 0.38
5587, 0.56
5588, 0.62
5589, 0.50
5590, 0.38
5591, 0.69
5592, 0.44
5593, 0.62
5594, 0.62
5595, 0.56
5596, 0.31
5597, 0.44
5598, 0.31
5599, 0.88
5600, 0.69
5601, 0.31
5602, 0.56
5603, 0.31
5604, 0.25
5605, 0.44
5606, 0.06
5607, 0.44
5608, 0.19
5609, 0.19
5610, 0.38
5611, 0.25
5612, 0.56
5613, 0.44
5614, 0.44
5615, 0.19
5616, 0.19
5617, 0.12
5618, 0.50
5619, 0.38
5620, 0.44
5621, 0.56
5622, 0.19
5623, 0.31
5624, 0.44
5625, 0.38
5626, 0.19
5627, 0.56
5628, 0.44
5629, 0.19
5630, 0.38
5631, 0.62
5632, 0.56
5633, 0.88
5634, 0.50
5635, 0.56
5636, 0.12
5637, 0.19
5638, 0.56
5639, 0.25
5640, 0.25
5641, 0.25
5642, 0.31
5643, 0.25
5644, 0.50
5645, 0.19
5646, 0.44
5647, 0.44
5648, 0.38
5649, 0.25
5650, 0.31
5651, 0.31
5652, 0.75
5653, 0.06
5654, 0.31
5655, 0.69
5656, 0.12
5657, 0.38
5658, 0.56
5659, 0.38
5660, 0.44
5661, 0.31
5662, 0.88
5663, 0.44
5664, 0.56
5665, 0.38
5666, 0.75
5667, 0.44
5668, 0.56
5669, 0.38
5670, 0.25
5671, 0.31
5672, 0.38
5673, 0.25
5674, 0.69
5675, 0.88
5676, 0.25
5677, 0.44
5678, 0.25
5679, 0.44
5680, 0.12
5681, 0.19
5682, 0.44
5683, 0.25
5684, 0.56
5685, 0.56
5686, 0.56
5687, 0.94
5688, 0.94
5689, 0.44
5690, 0.19
5691, 0.38
5692, 0.50
5693, 0.25
5694, 0.38
5695, 0.19
5696, 0.00
5697, 0.31
5698, 0.50
5699, 0.62
5700, 0.12
5701, 0.56
5702, 0.50
5703, 0.62
5704, 0.56
5705, 0.56
5706, 0.88
5707, 0.19
5708, 0.38
5709, 0.44
5710, 0.44
5711, 0.38
5712, 0.38
5713, 0.31
5714, 0.31
5715, 0.75
5716, 0.25
5717, 0.38
5718, 0.25
5719, 0.31
5720, 0.69
5721, 0.50
5722, 0.31
5723, 0.19
5724, 0.38
5725, 0.38
5726, 0.44
5727, 0.19
5728, 0.38
5729, 0.25
5730, 0.50
5731, 0.31
5732, 0.31
5733, 0.56
5734, 0.44
5735, 0.19
5736, 0.69
5737, 0.69
5738, 0.44
5739, 0.50
5740, 0.19
5741, 0.69
5742, 0.56
5743, 0.38
5744, 0.56
5745, 0.38
5746, 0.31
5747, 0.44
5748, 0.19
5749, 0.88
5750, 0.62
5751, 0.94
5752, 0.44
5753, 0.31
5754, 0.38
5755, 0.62
5756, 0.50
5757, 0.50
5758, 0.38
5759, 0.25
5760, 0.12
5761, 0.56
5762, 0.50
5763, 0.62
5764, 0.38
5765, 0.56
5766, 0.38
5767, 0.50
5768, 0.12
5769, 0.69
5770, 0.69
5771, 0.38
5772, 0.56
5773, 0.50
5774, 0.38
5775, 0.25
5776, 0.50
5777, 0.50
5778, 0.31
5779, 0.50
5780, 0.56
5781, 0.38
5782, 0.50
5783, 0.25
5784, 0.50
5785, 0.44
5786, 0.62
5787, 0.50
5788, 0.44
5789, 0.19
5790, 0.56
5791, 0.19
5792, 0.50
5793, 0.31
5794, 0.12
5795, 0.31
5796, 0.25
5797, 0.25
5798, 0.31
5799, 0.38
5800, 0.06
5801, 0.44
5802, 0.50
5803, 0.19
5804, 0.56
5805, 0.62
5806, 0.31
5807, 0.38
5808, 0.44
5809, 0.44
5810, 0.25
5811, 0.38
5812, 0.19
5813, 0.56
5814, 0.56
5815, 0.25
5816, 0.50
5817, 0.38
5818, 1.00
5819, 0.31
5820, 0.50
5821, 0.25
5822, 0.38
5823, 0.50
5824, 0.44
5825, 0.62
5826, 0.94
5827, 0.56
5828, 0.50
5829, 0.56
5830, 0.31
5831, 0.38
5832, 0.25
5833, 0.50
5834, 0.31
5835, 0.19
5836, 0.06
5837, 0.44
5838, 0.69
5839, 0.69
5840, 0.31
5841, 0.44
5842, 0.56
5843, 0.25
5844, 0.12
5845, 0.56
5846, 0.50
5847, 0.62
5848, 0.62
5849, 0.31
5850, 0.44
5851, 0.44
5852, 0.62
5853, 0.50
5854, 0.19
5855, 0.50
5856, 0.38
5857, 0.44
5858, 0.56
5859, 0.12
5860, 0.12
5861, 0.25
5862, 0.44
5863, 0.56
5864, 0.62
5865, 0.50
5866, 0.44
5867, 0.56
5868, 0.56
5869, 0.19
5870, 0.38
5871, 0.62
5872, 0.31
5873, 0.62
5874, 0.38
5875, 0.38
5876, 0.31
5877, 0.50
5878, 0.69
5879, 0.50
5880, 0.44
5881, 0.19
5882, 0.19
5883, 0.56
5884, 0.38
5885, 0.44
5886, 0.38
5887, 0.31
5888, 0.31
5889, 0.38
5890, 0.19
5891, 0.25
5892, 0.50
5893, 0.25
5894, 0.31
5895, 0.56
5896, 0.50
5897, 0.69
5898, 0.50
5899, 0.50
5900, 0.31
5901, 0.44
5902, 0.31
5903, 0.44
5904, 0.12
5905, 0.38
5906, 0.38
5907, 0.38
5908, 0.56
5909, 0.56
5910, 0.62
5911, 0.12
5912, 0.31
5913, 0.62
5914, 0.44
5915, 0.50
5916, 0.31
5917, 0.50
5918, 0.69
5919, 0.31
5920, 0.44
5921, 0.31
5922, 0.44
5923, 0.88
5924, 0.19
5925, 0.50
5926, 0.62
5927, 0.19
5928, 0.31
5929, 0.31
5930, 0.44
5931, 0.38
5932, 0.75
5933, 1.00
5934, 0.44
5935, 0.25
5936, 0.25
5937, 0.69
5938, 0.44
5939, 0.12
5940, 0.12
5941, 0.62
5942, 0.50
5943, 0.38
5944, 0.94
5945, 0.56
5946, 0.25
5947, 0.44
5948, 0.31
5949, 0.31
5950, 0.31
5951, 0.25
5952, 0.44
5953, 0.19
5954, 0.81
5955, 0.25
5956, 0.44
5957, 0.38
5958, 0.38
5959, 0.44
5960, 0.38
5961, 0.62
5962, 0.38
5963, 0.31
5964, 0.38
5965, 0.38
5966, 0.50
5967, 0.25
5968, 0.38
5969, 0.19
5970, 0.44
5971, 0.38
5972, 0.56
5973, 0.25
5974, 0.62
5975, 0.31
5976, 0.06
5977, 0.06
5978, 0.31
5979, 0.38
5980, 0.69
5981, 0.56
5982, 0.44
5983, 0.44
5984, 0.38
5985, 0.38
5986, 0.69
5987, 0.44
5988, 0.50
5989, 0.38
5990, 0.62
5991, 0.88
5992, 0.62
5993, 0.75
5994, 0.25
5995, 0.75
5996, 0.44
5997, 0.31
5998, 0.69
5999, 0.50
6000, 0.62
6001, 0.62
6002, 0.25
6003, 0.75
6004, 0.69
6005, 0.25
6006, 0.38
6007, 0.44
6008, 0.38
6009, 0.38
6010, 0.38
6011, 0.44
6012, 0.56
6013, 0.31
6014, 0.38
6015, 0.38
6016, 0.50
6017, 0.25
6018, 0.44
6019, 0.25
6020, 0.31
6021, 0.19
6022, 0.12
6023, 0.31
6024, 0.31
6025, 0.62
6026, 0.44
6027, 0.69
6028, 0.38
6029, 0.25
6030, 0.25
6031, 0.44
6032, 0.62
6033, 0.44
6034, 0.50
6035, 0.50
6036, 0.56
6037, 0.25
6038, 0.56
6039, 0.38
6040, 0.50
6041, 0.19
6042, 0.31
6043, 0.56
6044, 0.62
6045, 0.38
6046, 0.62
6047, 0.31
6048, 0.31
6049, 0.31
6050, 0.69
6051, 0.25
6052, 0.50
6053, 0.56
6054, 0.38
6055, 0.75
6056, 0.31
6057, 0.69
6058, 0.44
6059, 0.56
6060, 0.44
6061, 0.56
6062, 0.38
6063, 0.38
6064, 0.38
6065, 0.25
6066, 0.75
6067, 0.31
6068, 0.56
6069, 0.62
6070, 0.31
6071, 0.75
6072, 0.31
6073, 0.56
6074, 0.25
6075, 0.50
6076, 0.25
6077, 0.50
6078, 0.62
6079, 0.25
6080, 0.38
6081, 0.38
6082, 0.38
6083, 0.38
6084, 0.31
6085, 0.25
6086, 0.25
6087, 0.31
6088, 0.56
6089, 0.38
6090, 0.44
6091, 0.69
6092, 0.19
6093, 0.25
6094, 0.44
6095, 0.25
6096, 0.19
6097, 0.25
6098, 0.06
6099, 0.31
6100, 0.38
6101, 0.56
6102, 0.19
6103, 0.31
6104, 0.12
6105, 0.75
6106, 0.62
6107, 0.31
6108, 0.62
6109, 0.50
6110, 0.69
6111, 0.62
6112, 0.25
6113, 0.62
6114, 0.56
6115, 0.50
6116, 0.25
6117, 0.50
6118, 0.38
6119, 0.62
6120, 0.19
6121, 0.56
6122, 0.31
6123, 0.19
6124, 0.31
6125, 0.25
6126, 0.25
6127, 0.25
6128, 0.31
6129, 0.44
6130, 0.38
6131, 0.31
6132, 0.44
6133, 0.44
6134, 0.19
6135, 0.38
6136, 0.38
6137, 0.69
6138, 0.31
6139, 1.00
6140, 0.50
6141, 0.56
6142, 0.62
6143, 0.44
6144, 0.50
6145, 0.56
6146, 0.38
6147, 0.44
6148, 0.50
6149, 0.38
6150, 0.69
6151, 0.44
6152, 0.44
6153, 0.25
6154, 0.81
6155, 0.06
6156, 0.12
6157, 0.25
6158, 0.38
6159, 0.44
6160, 0.56
6161, 0.19
6162, 0.69
6163, 0.38
6164, 0.38
6165, 0.38
6166, 0.31
6167, 0.31
6168, 0.62
6169, 0.50
6170, 0.62
6171, 0.56
6172, 0.38
6173, 0.56
6174, 0.50
6175, 0.31
6176, 0.31
6177, 0.31
6178, 0.56
6179, 0.44
6180, 0.62
6181, 0.12
6182, 0.56
6183, 0.25
6184, 0.44
6185, 0.31
6186, 0.31
6187, 0.56
6188, 0.50
6189, 0.81
6190, 0.56
6191, 0.31
6192, 0.31
6193, 0.56
6194, 0.31
6195, 0.38
6196, 0.31
6197, 0.56
6198, 0.38
6199, 0.69
6200, 0.56
6201, 0.56
6202, 0.19
6203, 0.19
6204, 0.38
6205, 0.75
6206, 0.94
6207, 0.38
6208, 0.38
6209, 0.25
6210, 0.50
6211, 0.50
6212, 0.19
6213, 0.12
6214, 0.50
6215, 0.19
6216, 0.31
6217, 0.62
6218, 0.31
6219, 0.62
6220, 0.31
6221, 0.44
6222, 0.38
6223, 0.56
6224, 0.50
6225, 0.38
6226, 0.44
6227, 0.38
6228, 0.69
6229, 0.56
6230, 0.88
6231, 0.50
6232, 0.19
6233, 0.62
6234, 0.56
6235, 0.44
6236, 0.44
6237, 0.25
6238, 0.31
6239, 0.69
6240, 0.25
6241, 0.44
6242, 0.62
6243, 0.25
6244, 0.31
6245, 0.31
6246, 0.31
6247, 0.38
6248, 0.31
6249, 0.62
6250, 0.69
6251, 0.50
6252, 0.38
6253, 0.56
6254, 0.31
6255, 0.50
6256, 0.56
6257, 0.19
6258, 0.56
6259, 0.31
6260, 0.62
6261, 0.38
6262, 0.31
6263, 0.56
6264, 0.25
6265, 0.56
6266, 0.56
6267, 0.56
6268, 0.75
6269, 0.44
6270, 0.19
6271, 0.69
6272, 0.31
6273, 0.25
6274, 0.50
6275, 0.31
6276, 0.25
6277, 0.44
6278, 0.56
6279, 0.25
6280, 0.44
6281, 0.12
6282, 0.19
6283, 0.50
6284, 0.44
6285, 0.25
6286, 0.25
6287, 0.62
6288, 0.62
6289, 0.31
6290, 0.50
6291, 0.38
6292, 0.31
6293, 0.50
6294, 0.81
6295, 0.62
6296, 0.56
6297, 0.38
6298, 0.19
6299, 0.50
6300, 0.50
6301, 0.38
6302, 0.38
6303, 0.06
6304, 0.56
6305, 0.56
6306, 0.50
6307, 0.69
6308, 0.31
6309, 0.62
6310, 0.31
6311, 0.31
6312, 0.06
6313, 0.69
6314, 0.44
6315, 0.25
6316, 0.81
6317, 0.31
6318, 0.31
6319, 0.31
6320, 0.75
6321, 0.31
6322, 0.25
6323, 0.44
6324, 0.88
6325, 0.38
6326, 0.25
6327, 0.50
6328, 0.50
6329, 0.50
6330, 0.56
6331, 0.56
6332, 0.50
6333, 0.44
6334, 0.50
6335, 0.56
6336, 0.62
6337, 0.56
6338, 0.25
6339, 0.56
6340, 0.12
6341, 0.50
6342, 0.19
6343, 0.44
6344, 0.44
6345, 0.12
6346, 0.81
6347, 0.31
6348, 0.69
6349, 0.44
6350, 0.44
6351, 0.44
6352, 0.50
6353, 0.25
6354, 0.25
6355, 0.56
6356, 0.19
6357, 0.69
6358, 0.44
6359, 0.50
6360, 0.44
6361, 0.06
6362, 0.62
6363, 0.75
6364, 0.44
6365, 0.62
6366, 0.44
6367, 0.44
6368, 0.19
6369, 0.81
6370, 0.25
6371, 0.38
6372, 0.38
6373, 0.38
6374, 0.38
6375, 0.19
6376, 0.56
6377, 0.50
6378, 0.44
6379, 0.50
6380, 0.44
6381, 0.31
6382, 0.62
6383, 0.44
6384, 0.31
6385, 0.25
6386, 0.44
6387, 0.12
6388, 0.56
6389, 0.44
6390, 0.56
6391, 0.38
6392, 0.38
6393, 0.31
6394, 0.31
6395, 0.31
6396, 0.75
6397, 0.38
6398, 0.31
6399, 0.50
6400, 0.62
6401, 0.56
6402, 0.06
6403, 0.44
6404, 0.62
6405, 0.38
6406, 0.56
6407, 0.44
6408, 0.44
6409, 0.38
6410, 0.31
6411, 0.50
6412, 0.50
6413, 0.69
6414, 0.44
6415, 0.38
6416, 0.38
6417, 0.38
6418, 0.44
6419, 0.31
6420, 0.50
6421, 0.25
6422, 0.06
6423, 0.25
6424, 0.19
6425, 0.62
6426, 0.44
6427, 0.69
6428, 0.31
6429, 0.31
6430, 0.56
6431, 0.19
6432, 0.50
6433, 0.19
6434, 0.25
6435, 0.31
6436, 0.06
6437, 0.38
6438, 0.56
6439, 0.50
6440, 0.56
6441, 0.56
6442, 0.31
6443, 0.62
6444, 0.38
6445, 0.44
6446, 0.50
6447, 0.25
6448, 0.69
6449, 0.69
6450, 0.25
6451, 0.38
6452, 0.31
6453, 0.69
6454, 0.38
6455, 0.44
6456, 0.44
6457, 0.25
6458, 0.44
6459, 0.31
6460, 0.25
6461, 0.56
6462, 0.50
6463, 0.56
6464, 0.50
6465, 0.38
6466, 0.44
6467, 0.50
6468, 0.88
6469, 0.31
6470, 0.44
6471, 0.31
6472, 0.38
6473, 0.25
6474, 0.25
6475, 0.62
6476, 0.31
6477, 0.25
6478, 0.12
6479, 0.50
6480, 0.44
6481, 0.31
6482, 0.25
6483, 0.19
6484, 0.50
6485, 0.50
6486, 0.12
6487, 0.38
6488, 0.38
6489, 0.12
6490, 0.75
6491, 0.69
6492, 0.25
6493, 0.38
6494, 0.44
6495, 0.31
6496, 0.50
6497, 0.31
6498, 0.12
6499, 0.25
6500, 0.62
6501, 0.81
6502, 0.50
6503, 0.25
6504, 0.31
6505, 0.31
6506, 0.50
6507, 0.50
6508, 0.38
6509, 0.19
6510, 0.38
6511, 0.44
6512, 0.94
6513, 0.31
6514, 0.44
6515, 0.50
6516, 0.50
6517, 0.38
6518, 0.75
6519, 0.44
6520, 0.00
6521, 0.69
6522, 0.44
6523, 0.31
6524, 0.44
6525, 0.31
6526, 0.38
6527, 0.50
6528, 0.44
6529, 0.38
6530, 0.56
6531, 0.44
6532, 0.25
6533, 0.44
6534, 0.75
6535, 0.12
6536, 0.56
6537, 0.31
6538, 0.25
6539, 0.50
6540, 0.31
6541, 0.69
6542, 0.56
6543, 0.38
6544, 0.44
6545, 0.50
6546, 0.38
6547, 0.38
6548, 0.25
6549, 0.56
6550, 0.75
6551, 0.56
6552, 0.12
6553, 0.69
6554, 0.25
6555, 0.31
6556, 0.31
6557, 0.56
6558, 0.69
6559, 0.56
6560, 0.50
6561, 0.44
6562, 0.75
6563, 0.44
6564, 0.44
6565, 0.69
6566, 0.25
6567, 0.62
6568, 0.25
6569, 0.06
6570, 0.19
6571, 0.50
6572, 0.50
6573, 0.31
6574, 0.38
6575, 0.31
6576, 0.19
6577, 0.56
6578, 0.38
6579, 0.25
6580, 0.44
6581, 0.50
6582, 0.69
6583, 0.31
6584, 0.75
6585, 0.38
6586, 0.69
6587, 0.12
6588, 0.56
6589, 0.25
6590, 0.44
6591, 0.56
6592, 0.62
6593, 0.38
6594, 0.38
6595, 0.62
6596, 0.31
6597, 0.56
6598, 0.44
6599, 0.56
6600, 0.31
6601, 0.25
6602, 0.38
6603, 0.69
6604, 0.56
6605, 0.12
6606, 0.44
6607, 0.50
6608, 0.69
6609, 0.31
6610, 0.12
6611, 0.38
6612, 0.31
6613, 0.44
6614, 0.38
6615, 0.69
6616, 0.31
6617, 0.88
6618, 0.12
6619, 0.88
6620, 0.50
6621, 0.50
6622, 0.25
6623, 0.56
6624, 0.31
6625, 0.56
6626, 0.56
6627, 0.25
6628, 0.56
6629, 0.38
6630, 0.38
6631, 0.44
6632, 0.50
6633, 0.31
6634, 0.31
6635, 0.44
6636, 0.38
6637, 0.56
6638, 0.56
6639, 0.25
6640, 0.38
6641, 0.75
6642, 0.31
6643, 0.19
6644, 0.62
6645, 0.44
6646, 0.25
6647, 0.31
6648, 0.19
6649, 0.19
6650, 0.19
6651, 0.75
6652, 0.31
6653, 0.50
6654, 0.62
6655, 0.44
6656, 0.25
6657, 0.44
6658, 0.50
6659, 0.50
6660, 0.44
6661, 0.31
6662, 0.56
6663, 0.31
6664, 0.44
6665, 0.44
6666, 0.44
6667, 0.25
6668, 0.69
6669, 0.38
6670, 0.50
6671, 0.50
6672, 0.75
6673, 0.38
6674, 0.31
6675, 0.25
6676, 0.25
6677, 0.56
6678, 0.38
6679, 0.31
6680, 0.25
6681, 0.69
6682, 0.38
6683, 0.38
6684, 0.75
6685, 0.31
6686, 0.38
6687, 0.31
6688, 0.62
6689, 0.25
6690, 0.56
6691, 0.56
6692, 0.50
6693, 0.38
6694, 0.44
6695, 0.56
6696, 0.44
6697, 0.31
6698, 0.25
6699, 0.50
6700, 0.75
6701, 0.62
6702, 0.25
6703, 0.19
6704, 0.38
6705, 0.12
6706, 0.50
6707, 0.31
6708, 0.31
6709, 0.31
6710, 0.31
6711, 0.50
6712, 0.38
6713, 0.31
6714, 0.25
6715, 0.62
6716, 0.31
6717, 0.38
6718, 0.50
6719, 0.31
6720, 0.38
6721, 0.44
6722, 0.62
6723, 0.62
6724, 0.62
6725, 0.50
6726, 0.31
6727, 0.50
6728, 0.19
6729, 0.62
6730, 0.62
6731, 0.38
6732, 0.56
6733, 0.25
6734, 0.62
6735, 0.56
6736, 0.38
6737, 0.25
6738, 0.31
6739, 0.69
6740, 0.56
6741, 0.62
6742, 0.44
6743, 0.06
6744, 0.88
6745, 0.56
6746, 0.56
6747, 0.31
6748, 0.44
6749, 0.75
6750, 0.31
6751, 0.38
6752, 0.69
6753, 0.56
6754, 0.25
6755, 0.12
6756, 0.31
6757, 0.38
6758, 0.44
6759, 0.50
6760, 0.50
6761, 0.19
6762, 0.69
6763, 0.44
6764, 0.19
6765, 0.19
6766, 0.31
6767, 0.56
6768, 0.44
6769, 0.44
6770, 0.69
6771, 0.38
6772, 0.56
6773, 0.12
6774, 0.31
6775, 0.31
6776, 0.44
6777, 0.50
6778, 0.38
6779, 0.50
6780, 0.44
6781, 0.62
6782, 0.56
6783, 0.25
6784, 0.62
6785, 0.81
6786, 0.25
6787, 0.50
6788, 0.81
6789, 0.62
6790, 0.38
6791, 0.44
6792, 0.56
6793, 0.44
6794, 0.44
6795, 0.31
6796, 0.69
6797, 0.31
6798, 0.38
6799, 0.25
6800, 0.69
6801, 0.38
6802, 0.56
6803, 0.31
6804, 0.31
6805, 0.56
6806, 0.69
6807, 0.31
6808, 0.06
6809, 0.19
6810, 0.12
6811, 0.38
6812, 0.56
6813, 0.44
6814, 0.31
6815, 0.69
6816, 0.44
6817, 0.25
6818, 0.50
6819, 0.44
6820, 0.62
6821, 0.44
6822, 0.31
6823, 0.25
6824, 0.56
6825, 0.38
6826, 0.38
6827, 0.12
6828, 0.38
6829, 0.38
6830, 0.19
6831, 0.81
6832, 0.31
6833, 0.62
6834, 0.50
6835, 0.44
6836, 0.38
6837, 0.19
6838, 0.19
6839, 0.50
6840, 0.25
6841, 0.44
6842, 0.31
6843, 0.69
6844, 0.31
6845, 0.38
6846, 0.50
6847, 0.56
6848, 0.44
6849, 0.25
6850, 0.50
6851, 0.56
6852, 0.56
6853, 0.44
6854, 0.25
6855, 0.62
6856, 0.38
6857, 0.50
6858, 0.44
6859, 0.56
6860, 0.50
6861, 0.62
6862, 0.38
6863, 0.56
6864, 0.31
6865, 0.12
6866, 0.31
6867, 0.62
6868, 0.62
6869, 0.62
6870, 0.31
6871, 0.44
6872, 0.38
6873, 0.44
6874, 0.56
6875, 0.31
6876, 0.31
6877, 0.44
6878, 0.31
6879, 0.62
6880, 0.38
6881, 0.25
6882, 0.38
6883, 0.31
6884, 0.62
6885, 0.75
6886, 0.44
6887, 0.56
6888, 0.50
6889, 0.56
6890, 0.25
6891, 0.38
6892, 0.44
6893, 0.56
6894, 0.81
6895, 0.62
6896, 0.19
6897, 0.38
6898, 0.50
6899, 0.31
6900, 0.62
6901, 0.62
6902, 0.44
6903, 0.19
6904, 0.44
6905, 0.50
6906, 0.25
6907, 0.44
6908, 0.31
6909, 0.25
6910, 0.38
6911, 0.62
6912, 0.31
6913, 0.38
6914, 0.25
6915, 0.50
6916, 0.31
6917, 0.38
6918, 0.62
6919, 0.38
6920, 0.69
6921, 0.38
6922, 0.31
6923, 0.06
6924, 0.56
6925, 0.44
6926, 0.31
6927, 0.31
6928, 0.62
6929, 0.31
6930, 0.56
6931, 0.38
6932, 0.44
6933, 0.38
6934, 0.38
6935, 0.69
6936, 0.50
6937, 0.69
6938, 0.62
6939, 0.25
6940, 0.69
6941, 0.31
6942, 0.25
6943, 0.31
6944, 0.38
6945, 0.50
6946, 0.31
6947, 0.25
6948, 0.19
6949, 0.56
6950, 0.56
6951, 0.38
6952, 0.31
6953, 0.31
6954, 0.31
6955, 0.44
6956, 0.19
6957, 0.56
6958, 0.12
6959, 0.25
6960, 0.25
6961, 0.56
6962, 0.19
6963, 0.31
6964, 0.38
6965, 0.69
6966, 0.12
6967, 0.56
6968, 0.31
6969, 0.50
6970, 0.31
6971, 0.31
6972, 0.38
6973, 0.19
6974, 0.25
6975, 0.38
6976, 0.19
6977, 0.19
6978, 0.31
6979, 0.44
6980, 0.56
6981, 0.06
6982, 0.31
6983, 0.81
6984, 0.56
6985, 0.19
6986, 0.62
6987, 0.38
6988, 0.38
6989, 0.62
6990, 0.69
6991, 0.38
6992, 0.56
6993, 0.50
6994, 0.31
6995, 0.62
6996, 0.44
6997, 0.31
6998, 0.56
6999, 0.12
7000, 0.62
7001, 0.25
7002, 0.44
7003, 0.38
7004, 0.56
7005, 0.75
7006, 0.31
7007, 0.31
7008, 0.31
7009, 0.31
7010, 0.69
7011, 0.44
7012, 0.31
7013, 0.56
7014, 0.44
7015, 0.62
7016, 0.25
7017, 0.69
7018, 0.12
7019, 0.25
7020, 0.56
7021, 0.75
7022, 0.25
7023, 0.50
7024, 0.44
7025, 0.44
7026, 0.69
7027, 0.12
7028, 0.38
7029, 0.44
7030, 0.75
7031, 0.75
7032, 0.25
7033, 0.19
7034, 0.56
7035, 0.88
7036, 0.25
7037, 0.12
7038, 0.56
7039, 0.25
7040, 0.31
7041, 0.44
7042, 0.25
7043, 0.19
7044, 0.38
7045, 0.25
7046, 0.25
7047, 0.44
7048, 0.56
7049, 0.31
7050, 0.69
7051, 0.31
7052, 0.56
7053, 0.44
7054, 0.56
7055, 0.38
7056, 0.62
7057, 0.50
7058, 0.44
7059, 0.25
7060, 0.38
7061, 0.31
7062, 0.44
7063, 0.44
7064, 0.56
7065, 0.56
7066, 0.62
7067, 0.44
7068, 0.56
7069, 0.44
7070, 0.31
7071, 0.56
7072, 0.94
7073, 0.12
7074, 0.19
7075, 0.25
7076, 0.50
7077, 0.62
7078, 0.56
7079, 0.62
7080, 0.56
7081, 0.50
7082, 0.06
7083, 0.38
7084, 0.56
7085, 0.44
7086, 0.69
7087, 0.44
7088, 0.38
7089, 0.62
7090, 0.38
7091, 0.31
7092, 0.38
7093, 0.38
7094, 0.12
7095, 0.44
7096, 0.50
7097, 0.50
7098, 0.88
7099, 0.25
7100, 0.56
7101, 0.31
7102, 0.81
7103, 0.38
7104, 0.56
7105, 0.25
7106, 0.56
7107, 0.44
7108, 0.31
7109, 0.44
7110, 0.06
7111, 0.38
7112, 0.56
7113, 0.50
7114, 0.31
7115, 0.69
7116, 0.44
7117, 0.44
7118, 0.31
7119, 0.56
7120, 0.31
7121, 0.44
7122, 0.25
7123, 0.56
7124, 0.31
7125, 0.81
7126, 0.44
7127, 0.44
7128, 0.50
7129, 0.38
7130, 0.62
7131, 0.44
7132, 0.56
7133, 0.12
7134, 0.06
7135, 0.31
7136, 0.62
7137, 0.12
7138, 0.44
7139, 0.44
7140, 0.25
7141, 0.44
7142, 0.50
7143, 0.44
7144, 0.38
7145, 0.81
7146, 0.12
7147, 0.56
7148, 0.50
7149, 0.94
7150, 0.44
7151, 0.38
7152, 0.19
7153, 0.69
7154, 0.50
7155, 0.31
7156, 0.25
7157, 0.38
7158, 0.50
7159, 0.44
7160, 0.38
7161, 0.06
7162, 0.25
7163, 0.25
7164, 0.56
7165, 0.31
7166, 0.75
7167, 0.19
7168, 0.44
7169, 0.31
7170, 0.50
7171, 0.50
7172, 0.31
7173, 0.62
7174, 0.25
7175, 0.38
7176, 0.56
7177, 0.44
7178, 0.50
7179, 0.62
7180, 0.56
7181, 0.50
7182, 0.25
7183, 0.62
7184, 0.38
7185, 0.44
7186, 0.19
7187, 0.19
7188, 0.38
7189, 0.56
7190, 0.56
7191, 0.44
7192, 0.44
7193, 0.31
7194, 0.25
7195, 0.44
7196, 0.38
7197, 0.19
7198, 0.19
7199, 0.25
7200, 0.31
7201, 0.50
7202, 0.25
7203, 0.44
7204, 0.44
7205, 0.25
7206, 0.62
7207, 0.31
7208, 0.56
7209, 0.56
7210, 0.25
7211, 0.44
7212, 0.44
7213, 0.38
7214, 0.31
7215, 0.25
7216, 0.62
7217, 0.56
7218, 0.69
7219, 0.62
7220, 0.56
7221, 0.56
7222, 0.50
7223, 0.38
7224, 0.25
7225, 0.50
7226, 0.31
7227, 0.56
7228, 0.56
7229, 0.62
7230, 0.62
7231, 0.62
7232, 0.44
7233, 0.31
7234, 0.38
7235, 0.06
7236, 0.31
7237, 0.62
7238, 0.38
7239, 0.56
7240, 0.31
7241, 0.44
7242, 0.25
7243, 0.56
7244, 0.25
7245, 0.31
7246, 0.38
7247, 0.62
7248, 0.56
7249, 0.38
7250, 0.56
7251, 0.38
7252, 0.69
7253, 0.50
7254, 0.44
7255, 0.88
7256, 0.50
7257, 0.44
7258, 0.44
7259, 0.56
7260, 0.25
7261, 0.19
7262, 0.56
7263, 0.56
7264, 0.69
7265, 0.44
7266, 0.06
7267, 0.69
7268, 0.50
7269, 0.81
7270, 0.50
7271, 0.31
7272, 0.38
7273, 0.62
7274, 0.94
7275, 0.88
7276, 0.50
7277, 0.75
7278, 0.69
7279, 0.44
7280, 0.25
7281, 0.38
7282, 0.44
7283, 0.44
7284, 0.38
7285, 0.44
7286, 0.38
7287, 0.44
7288, 0.69
7289, 0.31
7290, 0.44
7291, 0.44
7292, 0.50
7293, 0.31
7294, 0.44
7295, 0.06
7296, 0.81
7297, 0.44
7298, 0.50
7299, 0.50
7300, 0.38
7301, 0.31
7302, 0.50
7303, 0.56
7304, 0.12
7305, 0.38
7306, 0.44
7307, 0.56
7308, 0.19
7309, 0.38
7310, 0.38
7311, 0.56
7312, 0.25
7313, 0.50
7314, 0.31
7315, 0.44
7316, 0.62
7317, 0.50
7318, 0.38
7319, 0.56
7320, 0.50
7321, 0.44
7322, 0.56
7323, 0.50
7324, 0.62
7325, 0.81
7326, 0.50
7327, 0.56
7328, 0.25
7329, 0.31
7330, 0.38
7331, 0.50
7332, 0.62
7333, 0.44
7334, 0.62
7335, 0.38
7336, 0.56
7337, 0.38
7338, 0.38
7339, 0.38
7340, 0.25
7341, 0.44
7342, 0.94
7343, 0.62
7344, 0.31
7345, 0.12
7346, 0.50
7347, 0.88
7348, 0.50
7349, 0.56
7350, 0.50
7351, 0.56
7352, 0.44
7353, 0.31
7354, 0.25
7355, 0.56
7356, 0.75
7357, 0.56
7358, 0.31
7359, 0.31
7360, 0.44
7361, 0.25
7362, 0.62
7363, 0.69
7364, 0.38
7365, 0.38
7366, 0.62
7367, 0.56
7368, 0.38
7369, 0.50
7370, 0.31
7371, 0.75
7372, 0.62
7373, 0.56
7374, 0.38
7375, 0.38
7376, 0.44
7377, 0.06
7378, 0.75
7379, 0.31
7380, 0.44
7381, 0.44
7382, 0.44
7383, 0.69
7384, 0.38
7385, 0.06
7386, 0.25
7387, 0.19
7388, 0.44
7389, 0.75
7390, 0.56
7391, 0.50
7392, 0.38
7393, 0.69
7394, 1.00
7395, 0.62
7396, 0.62
7397, 0.50
7398, 0.25
7399, 0.31
7400, 0.44
7401, 0.25
7402, 0.56
7403, 0.44
7404, 0.44
7405, 0.44
7406, 0.50
7407, 0.56
7408, 0.31
7409, 0.19
7410, 0.31
7411, 0.25
7412, 0.56
7413, 0.12
7414, 0.75
7415, 0.56
7416, 0.62
7417, 0.88
7418, 0.19
7419, 0.38
7420, 0.25
7421, 0.44
