Id,Predicted
0, 0.31
1, 0.19
2, 0.56
3, 0.38
4, 0.31
5, 0.12
6, 0.44
7, 0.38
8, 0.62
9, 0.69
10, 0.44
11, 0.44
12, 0.25
13, 0.31
14, 0.50
15, 0.75
16, 0.44
17, 0.56
18, 0.25
19, 0.31
20, 0.25
21, 0.69
22, 0.56
23, 0.44
24, 0.62
25, 0.56
26, 0.44
27, 0.69
28, 0.38
29, 0.38
30, 0.56
31, 0.31
32, 0.62
33, 0.38
34, 0.50
35, 0.44
36, 0.62
37, 0.31
38, 0.44
39, 0.50
40, 0.62
41, 0.12
42, 0.31
43, 0.56
44, 0.69
45, 0.38
46, 0.25
47, 0.31
48, 0.50
49, 0.50
50, 0.25
51, 0.25
52, 0.44
53, 0.56
54, 0.44
55, 0.56
56, 0.56
57, 0.25
58, 0.31
59, 0.38
60, 0.62
61, 0.44
62, 0.31
63, 0.69
64, 0.38
65, 0.44
66, 0.25
67, 0.38
68, 0.06
69, 0.38
70, 0.44
71, 0.62
72, 0.75
73, 0.25
74, 0.56
75, 0.50
76, 0.50
77, 0.50
78, 0.25
79, 0.38
80, 0.62
81, 0.44
82, 0.56
83, 0.62
84, 0.56
85, 0.50
86, 0.56
87, 0.50
88, 0.38
89, 0.69
90, 0.25
91, 0.44
92, 0.31
93, 0.50
94, 0.69
95, 0.44
96, 0.25
97, 0.31
98, 0.62
99, 0.50
100, 0.62
101, 0.62
102, 0.12
103, 0.44
104, 0.56
105, 0.50
106, 0.44
107, 0.50
108, 0.38
109, 0.31
110, 0.25
111, 0.38
112, 0.44
113, 0.25
114, 0.50
115, 0.44
116, 0.50
117, 0.31
118, 0.44
119, 0.31
120, 0.12
121, 0.62
122, 0.56
123, 0.38
124, 0.38
125, 0.06
126, 0.62
127, 0.44
128, 0.50
129, 0.50
130, 0.12
131, 0.62
132, 0.06
133, 0.50
134, 0.50
135, 0.56
136, 0.31
137, 0.31
138, 0.31
139, 0.50
140, 0.31
141, 0.31
142, 0.31
143, 0.81
144, 0.62
145, 0.50
146, 0.62
147, 0.19
148, 0.44
149, 0.38
150, 0.44
151, 0.62
152, 0.12
153, 0.19
154, 0.44
155, 0.38
156, 0.56
157, 0.50
158, 0.44
159, 0.56
160, 0.50
161, 0.56
162, 0.31
163, 0.44
164, 0.69
165, 0.56
166, 0.25
167, 0.56
168, 0.44
169, 0.12
170, 0.56
171, 0.38
172, 0.38
173, 0.62
174, 0.56
175, 0.25
176, 0.56
177, 0.31
178, 0.62
179, 0.56
180, 0.31
181, 0.50
182, 0.62
183, 0.38
184, 0.31
185, 0.56
186, 0.56
187, 0.19
188, 0.62
189, 0.38
190, 0.38
191, 0.31
192, 0.50
193, 0.38
194, 0.38
195, 0.12
196, 0.50
197, 0.44
198, 0.25
199, 0.38
200, 0.38
201, 0.56
202, 0.56
203, 0.38
204, 0.88
205, 0.50
206, 0.38
207, 0.25
208, 0.44
209, 0.38
210, 0.56
211, 0.50
212, 0.44
213, 0.38
214, 0.31
215, 0.62
216, 0.50
217, 0.44
218, 0.31
219, 0.12
220, 0.31
221, 0.31
222, 0.62
223, 0.06
224, 0.31
225, 0.44
226, 0.31
227, 0.31
228, 0.38
229, 0.25
230, 0.31
231, 0.25
232, 0.12
233, 0.25
234, 0.38
235, 0.31
236, 0.31
237, 0.31
238, 0.50
239, 0.38
240, 0.19
241, 0.44
242, 0.31
243, 0.31
244, 0.38
245, 0.38
246, 0.31
247, 0.38
248, 0.31
249, 0.12
250, 0.75
251, 0.44
252, 0.56
253, 0.38
254, 0.44
255, 0.25
256, 0.38
257, 0.44
258, 0.50
259, 0.56
260, 0.31
261, 0.38
262, 0.31
263, 0.69
264, 0.62
265, 0.38
266, 0.56
267, 0.38
268, 0.38
269, 0.56
270, 0.56
271, 0.31
272, 0.50
273, 0.31
274, 0.31
275, 0.50
276, 0.38
277, 0.31
278, 0.88
279, 0.38
280, 0.62
281, 0.31
282, 0.62
283, 0.25
284, 0.62
285, 0.38
286, 0.44
287, 0.50
288, 0.69
289, 0.56
290, 0.25
291, 0.50
292, 0.44
293, 0.25
294, 0.38
295, 0.44
296, 0.25
297, 0.38
298, 0.25
299, 0.31
300, 0.31
301, 0.44
302, 0.56
303, 0.50
304, 0.44
305, 0.31
306, 0.56
307, 0.25
308, 0.62
309, 0.62
310, 0.38
311, 0.25
312, 0.94
313, 0.56
314, 0.25
315, 0.38
316, 0.56
317, 0.44
318, 0.44
319, 0.19
320, 0.62
321, 0.44
322, 0.19
323, 0.38
324, 0.38
325, 0.88
326, 0.50
327, 0.25
328, 0.31
329, 0.44
330, 0.69
331, 0.38
332, 0.31
333, 0.31
334, 0.69
335, 0.56
336, 0.31
337, 0.50
338, 0.50
339, 0.44
340, 0.25
341, 0.62
342, 0.25
343, 0.06
344, 0.31
345, 0.50
346, 0.31
347, 0.50
348, 0.12
349, 0.56
350, 0.69
351, 0.19
352, 0.56
353, 0.44
354, 0.38
355, 0.31
356, 0.38
357, 0.38
358, 0.44
359, 0.25
360, 0.44
361, 0.38
362, 0.56
363, 0.38
364, 0.38
365, 0.31
366, 0.44
367, 0.69
368, 0.62
369, 0.38
370, 0.38
371, 0.44
372, 0.38
373, 0.69
374, 0.44
375, 0.38
376, 0.44
377, 0.50
378, 0.38
379, 0.38
380, 0.25
381, 0.50
382, 0.25
383, 0.25
384, 0.38
385, 0.62
386, 0.25
387, 0.25
388, 0.38
389, 0.62
390, 0.69
391, 0.31
392, 0.56
393, 0.25
394, 0.62
395, 0.38
396, 0.25
397, 0.69
398, 0.44
399, 0.50
400, 0.50
401, 0.25
402, 0.44
403, 0.44
404, 0.31
405, 0.38
406, 0.31
407, 0.38
408, 0.31
409, 0.56
410, 0.62
411, 0.44
412, 0.25
413, 0.44
414, 0.12
415, 0.44
416, 0.31
417, 0.44
418, 0.38
419, 0.38
420, 0.38
421, 0.31
422, 0.38
423, 0.50
424, 0.69
425, 0.50
426, 0.38
427, 0.44
428, 0.69
429, 0.12
430, 0.44
431, 0.31
432, 0.38
433, 0.38
434, 0.62
435, 0.25
436, 0.44
437, 0.44
438, 0.50
439, 0.12
440, 0.44
441, 0.31
442, 0.38
443, 0.38
444, 0.25
445, 0.44
446, 0.31
447, 0.19
448, 0.12
449, 0.69
450, 0.50
451, 0.25
452, 0.31
453, 0.25
454, 0.44
455, 0.31
456, 0.25
457, 0.44
458, 0.44
459, 0.62
460, 0.25
461, 0.25
462, 0.50
463, 0.56
464, 0.44
465, 0.12
466, 0.56
467, 0.44
468, 0.62
469, 0.12
470, 0.44
471, 0.56
472, 0.25
473, 0.56
474, 0.75
475, 0.69
476, 0.69
477, 0.38
478, 0.25
479, 0.50
480, 0.69
481, 0.94
482, 0.56
483, 0.25
484, 0.19
485, 0.25
486, 0.38
487, 0.44
488, 0.50
489, 0.44
490, 0.44
491, 0.31
492, 0.44
493, 0.12
494, 0.38
495, 0.31
496, 0.38
497, 0.50
498, 0.38
499, 0.69
500, 0.62
501, 0.44
502, 0.19
503, 0.50
504, 0.50
505, 0.69
506, 0.38
507, 0.62
508, 0.62
509, 0.44
510, 0.56
511, 0.31
512, 0.44
513, 0.38
514, 0.56
515, 0.50
516, 0.31
517, 0.75
518, 0.25
519, 0.44
520, 0.31
521, 0.38
522, 0.25
523, 0.50
524, 0.62
525, 0.31
526, 0.38
527, 0.38
528, 0.38
529, 0.25
530, 0.44
531, 0.25
532, 0.25
533, 0.44
534, 0.31
535, 0.56
536, 0.44
537, 0.25
538, 0.50
539, 0.25
540, 0.75
541, 0.56
542, 0.31
543, 0.69
544, 0.38
545, 0.44
546, 0.69
547, 0.56
548, 0.50
549, 0.31
550, 0.31
551, 0.31
552, 0.69
553, 0.31
554, 0.69
555, 0.50
556, 0.19
557, 0.69
558, 0.50
559, 0.25
560, 0.25
561, 0.38
562, 0.12
563, 0.62
564, 0.56
565, 0.62
566, 0.50
567, 0.81
568, 0.38
569, 0.56
570, 0.44
571, 0.50
572, 0.44
573, 0.19
574, 0.69
575, 0.50
576, 0.44
577, 0.31
578, 0.25
579, 0.44
580, 0.56
581, 0.44
582, 0.62
583, 0.56
584, 0.38
585, 0.50
586, 0.19
587, 0.31
588, 0.25
589, 0.06
590, 0.56
591, 0.38
592, 0.56
593, 0.69
594, 0.44
595, 0.88
596, 0.38
597, 0.31
598, 0.56
599, 0.38
600, 0.50
601, 0.62
602, 0.38
603, 0.38
604, 0.50
605, 0.19
606, 0.25
607, 0.19
608, 0.62
609, 0.38
610, 0.31
611, 0.31
612, 0.19
613, 0.44
614, 0.38
615, 0.44
616, 0.50
617, 0.56
618, 0.50
619, 0.12
620, 0.44
621, 0.50
622, 0.69
623, 0.25
624, 0.56
625, 0.50
626, 0.56
627, 0.31
628, 0.25
629, 0.50
630, 0.50
631, 0.38
632, 0.38
633, 0.25
634, 0.62
635, 0.38
636, 0.69
637, 0.38
638, 0.69
639, 0.56
640, 0.31
641, 0.69
642, 0.25
643, 0.31
644, 0.12
645, 0.31
646, 0.19
647, 0.56
648, 0.25
649, 0.38
650, 0.31
651, 0.69
652, 0.38
653, 0.44
654, 0.62
655, 0.25
656, 0.50
657, 0.25
658, 0.62
659, 0.50
660, 1.00
661, 0.25
662, 0.44
663, 0.25
664, 0.50
665, 0.19
666, 0.56
667, 0.62
668, 0.62
669, 0.94
670, 0.31
671, 0.56
672, 0.69
673, 0.56
674, 0.50
675, 0.69
676, 0.19
677, 0.38
678, 0.31
679, 0.56
680, 0.62
681, 0.69
682, 0.50
683, 0.62
684, 0.75
685, 0.19
686, 0.50
687, 0.62
688, 0.44
689, 0.44
690, 0.44
691, 0.75
692, 0.25
693, 0.25
694, 0.62
695, 0.50
696, 0.38
697, 0.31
698, 0.19
699, 0.56
700, 0.25
701, 0.12
702, 0.50
703, 0.69
704, 0.44
705, 0.25
706, 0.38
707, 0.38
708, 0.50
709, 0.38
710, 0.31
711, 0.50
712, 0.50
713, 0.56
714, 0.50
715, 0.44
716, 0.12
717, 0.50
718, 0.38
719, 0.31
720, 0.19
721, 0.38
722, 0.12
723, 0.38
724, 0.44
725, 0.31
726, 0.62
727, 0.50
728, 0.62
729, 0.44
730, 0.31
731, 0.50
732, 0.56
733, 0.56
734, 0.25
735, 0.38
736, 0.56
737, 0.06
738, 0.44
739, 0.19
740, 0.44
741, 0.31
742, 0.56
743, 0.31
744, 0.56
745, 0.50
746, 0.38
747, 0.38
748, 0.50
749, 0.56
750, 0.56
751, 0.38
752, 0.44
753, 0.69
754, 0.50
755, 0.44
756, 0.44
757, 0.62
758, 0.25
759, 0.25
760, 0.38
761, 0.31
762, 0.25
763, 0.38
764, 0.38
765, 0.31
766, 0.31
767, 0.19
768, 0.19
769, 0.25
770, 0.56
771, 0.44
772, 0.56
773, 0.50
774, 0.56
775, 0.50
776, 0.50
777, 0.31
778, 0.44
779, 0.88
780, 0.25
781, 0.44
782, 0.25
783, 0.25
784, 0.44
785, 0.50
786, 0.25
787, 0.38
788, 0.62
789, 0.31
790, 0.25
791, 0.56
792, 0.44
793, 0.25
794, 0.50
795, 0.44
796, 0.25
797, 0.31
798, 0.50
799, 0.75
800, 0.44
801, 0.50
802, 0.44
803, 0.56
804, 0.56
805, 0.44
806, 0.19
807, 0.56
808, 0.19
809, 0.19
810, 0.44
811, 0.69
812, 0.44
813, 0.31
814, 0.50
815, 0.44
816, 0.75
817, 0.50
818, 0.50
819, 0.50
820, 0.19
821, 0.38
822, 0.94
823, 0.38
824, 0.44
825, 0.31
826, 0.44
827, 0.38
828, 0.62
829, 0.81
830, 0.25
831, 0.44
832, 0.50
833, 0.44
834, 0.50
835, 0.69
836, 0.56
837, 0.50
838, 0.31
839, 0.38
840, 0.25
841, 0.44
842, 0.38
843, 0.38
844, 0.88
845, 0.19
846, 0.62
847, 0.25
848, 0.12
849, 0.62
850, 0.25
851, 0.50
852, 0.31
853, 0.31
854, 0.38
855, 0.31
856, 0.44
857, 0.31
858, 0.38
859, 0.69
860, 0.50
861, 0.50
862, 0.38
863, 0.50
864, 0.38
865, 0.25
866, 0.31
867, 0.38
868, 0.56
869, 0.44
870, 0.38
871, 0.44
872, 0.62
873, 0.81
874, 0.25
875, 0.50
876, 0.44
877, 0.25
878, 0.31
879, 0.50
880, 0.25
881, 0.50
882, 0.38
883, 0.62
884, 0.19
885, 0.56
886, 0.62
887, 0.38
888, 0.50
889, 0.19
890, 0.56
891, 0.56
892, 0.50
893, 0.19
894, 0.88
895, 0.56
896, 0.25
897, 0.50
898, 0.38
899, 0.31
900, 0.56
901, 0.44
902, 0.44
903, 0.44
904, 0.56
905, 0.31
906, 0.19
907, 0.31
908, 0.44
909, 0.50
910, 0.31
911, 0.56
912, 0.44
913, 0.19
914, 0.38
915, 0.38
916, 0.62
917, 0.62
918, 0.50
919, 0.31
920, 0.44
921, 0.44
922, 0.44
923, 0.44
924, 0.69
925, 0.50
926, 0.38
927, 0.62
928, 0.25
929, 0.62
930, 0.38
931, 0.25
932, 0.50
933, 0.56
934, 0.62
935, 0.12
936, 0.50
937, 0.25
938, 0.25
939, 0.50
940, 0.38
941, 0.12
942, 0.31
943, 0.38
944, 0.44
945, 0.44
946, 0.44
947, 0.69
948, 0.31
949, 0.69
950, 0.19
951, 0.31
952, 0.44
953, 0.38
954, 0.25
955, 0.25
956, 0.25
957, 0.38
958, 0.25
959, 0.31
960, 0.38
961, 0.19
962, 0.38
963, 0.62
964, 0.38
965, 0.56
966, 0.31
967, 0.38
968, 0.50
969, 0.56
970, 0.25
971, 0.19
972, 0.25
973, 0.75
974, 0.44
975, 0.31
976, 0.44
977, 0.25
978, 0.50
979, 0.44
980, 0.38
981, 0.25
982, 0.75
983, 0.50
984, 0.56
985, 0.19
986, 0.25
987, 0.44
988, 0.44
989, 0.44
990, 0.31
991, 0.31
992, 0.12
993, 0.25
994, 0.19
995, 0.31
996, 0.44
997, 0.44
998, 0.31
999, 0.44
1000, 0.38
1001, 0.38
1002, 0.62
1003, 0.19
1004, 0.69
1005, 0.19
1006, 0.19
1007, 0.69
1008, 0.50
1009, 0.31
1010, 0.50
1011, 0.50
1012, 0.25
1013, 0.31
1014, 0.56
1015, 0.44
1016, 0.56
1017, 0.56
1018, 0.56
1019, 0.56
1020, 0.69
1021, 0.62
1022, 0.62
1023, 0.25
1024, 0.50
1025, 0.56
1026, 0.81
1027, 0.44
1028, 0.44
1029, 0.50
1030, 0.50
1031, 0.62
1032, 0.25
1033, 0.38
1034, 0.50
1035, 0.75
1036, 0.62
1037, 0.25
1038, 0.44
1039, 0.38
1040, 0.50
1041, 0.50
1042, 0.62
1043, 0.25
1044, 0.38
1045, 0.38
1046, 0.38
1047, 0.56
1048, 0.50
1049, 0.50
1050, 0.50
1051, 0.56
1052, 0.44
1053, 0.44
1054, 0.56
1055, 0.69
1056, 0.06
1057, 0.38
1058, 0.31
1059, 0.31
1060, 0.69
1061, 0.31
1062, 0.25
1063, 0.44
1064, 0.56
1065, 0.31
1066, 0.69
1067, 0.62
1068, 0.44
1069, 0.31
1070, 0.50
1071, 0.31
1072, 0.31
1073, 0.25
1074, 0.06
1075, 0.19
1076, 0.31
1077, 0.50
1078, 0.25
1079, 0.38
1080, 0.38
1081, 0.38
1082, 0.44
1083, 0.69
1084, 0.44
1085, 0.44
1086, 0.62
1087, 0.56
1088, 0.25
1089, 0.25
1090, 0.62
1091, 0.38
1092, 0.19
1093, 0.44
1094, 0.12
1095, 0.50
1096, 0.44
1097, 0.25
1098, 0.50
1099, 0.44
1100, 0.38
1101, 0.25
1102, 0.62
1103, 0.44
1104, 0.31
1105, 0.56
1106, 0.50
1107, 0.62
1108, 0.44
1109, 0.31
1110, 0.56
1111, 0.25
1112, 0.56
1113, 0.44
1114, 0.31
1115, 0.50
1116, 0.62
1117, 0.19
1118, 0.94
1119, 0.56
1120, 0.69
1121, 0.19
1122, 0.50
1123, 0.69
1124, 0.62
1125, 0.25
1126, 0.25
1127, 0.56
1128, 0.50
1129, 0.62
1130, 0.56
1131, 0.44
1132, 0.50
1133, 0.31
1134, 0.38
1135, 0.44
1136, 0.25
1137, 0.25
1138, 0.56
1139, 0.50
1140, 0.75
1141, 0.12
1142, 0.38
1143, 0.50
1144, 0.44
1145, 0.44
1146, 0.19
1147, 0.31
1148, 0.69
1149, 0.69
1150, 0.38
1151, 0.31
1152, 0.62
1153, 0.50
1154, 0.06
1155, 0.62
1156, 0.62
1157, 0.31
1158, 0.31
1159, 0.50
1160, 0.44
1161, 0.38
1162, 0.31
1163, 0.25
1164, 0.56
1165, 0.69
1166, 0.25
1167, 0.38
1168, 0.50
1169, 0.56
1170, 0.56
1171, 0.38
1172, 0.62
1173, 0.44
1174, 0.44
1175, 0.62
1176, 0.88
1177, 0.31
1178, 0.38
1179, 0.62
1180, 0.62
1181, 0.50
1182, 0.25
1183, 0.44
1184, 0.50
1185, 0.25
1186, 0.44
1187, 0.69
1188, 0.56
1189, 0.56
1190, 0.25
1191, 0.50
1192, 0.44
1193, 0.50
1194, 0.62
1195, 0.56
1196, 0.38
1197, 0.75
1198, 0.38
1199, 0.81
1200, 0.31
1201, 0.19
1202, 0.50
1203, 0.69
1204, 0.25
1205, 0.25
1206, 0.44
1207, 0.38
1208, 0.44
1209, 0.44
1210, 0.38
1211, 0.50
1212, 0.56
1213, 0.50
1214, 0.44
1215, 0.44
1216, 0.44
1217, 0.31
1218, 0.31
1219, 0.56
1220, 0.12
1221, 0.69
1222, 0.31
1223, 0.44
1224, 0.25
1225, 0.44
1226, 0.44
1227, 0.31
1228, 0.62
1229, 0.25
1230, 0.62
1231, 0.44
1232, 0.62
1233, 0.31
1234, 0.69
1235, 0.44
1236, 0.31
1237, 0.31
1238, 0.31
1239, 0.62
1240, 0.38
1241, 0.31
1242, 0.31
1243, 0.69
1244, 0.44
1245, 0.38
1246, 0.62
1247, 0.19
1248, 0.31
1249, 0.44
1250, 0.50
1251, 0.44
1252, 0.62
1253, 0.50
1254, 0.50
1255, 0.62
1256, 0.69
1257, 0.62
1258, 0.62
1259, 0.62
1260, 0.56
1261, 0.62
1262, 0.44
1263, 0.62
1264, 0.62
1265, 0.38
1266, 0.69
1267, 0.50
1268, 0.44
1269, 0.56
1270, 0.31
1271, 0.38
1272, 0.81
1273, 0.62
1274, 0.56
1275, 0.56
1276, 0.50
1277, 0.44
1278, 0.56
1279, 0.62
1280, 0.44
1281, 0.56
1282, 0.31
1283, 0.56
1284, 0.62
1285, 0.69
1286, 0.75
1287, 0.38
1288, 0.31
1289, 0.44
1290, 0.44
1291, 0.50
1292, 0.50
1293, 0.69
1294, 0.56
1295, 0.50
1296, 0.25
1297, 0.31
1298, 0.31
1299, 0.50
1300, 0.38
1301, 0.31
1302, 0.50
1303, 0.62
1304, 0.69
1305, 0.62
1306, 0.69
1307, 0.38
1308, 0.69
1309, 0.62
1310, 0.25
1311, 0.44
1312, 0.31
1313, 0.38
1314, 0.31
1315, 0.62
1316, 0.38
1317, 0.38
1318, 0.25
1319, 0.44
1320, 0.44
1321, 0.44
1322, 0.19
1323, 0.44
1324, 0.69
1325, 0.50
1326, 0.69
1327, 0.38
1328, 0.62
1329, 0.50
1330, 0.38
1331, 0.38
1332, 0.62
1333, 0.31
1334, 0.50
1335, 0.38
1336, 0.38
1337, 0.31
1338, 0.56
1339, 0.69
1340, 0.31
1341, 0.12
1342, 0.44
1343, 0.50
1344, 0.38
1345, 0.62
1346, 0.44
1347, 0.31
1348, 0.19
1349, 0.50
1350, 0.62
1351, 0.50
1352, 0.12
1353, 0.31
1354, 0.44
1355, 0.31
1356, 0.56
1357, 0.44
1358, 0.44
1359, 0.56
1360, 0.44
1361, 0.38
1362, 0.62
1363, 0.62
1364, 0.31
1365, 0.50
1366, 0.56
1367, 0.75
1368, 0.38
1369, 0.69
1370, 0.69
1371, 0.38
1372, 0.62
1373, 0.25
1374, 0.19
1375, 0.44
1376, 0.50
1377, 0.06
1378, 0.50
1379, 0.38
1380, 0.25
1381, 0.50
1382, 0.31
1383, 0.38
1384, 0.62
1385, 0.56
1386, 0.25
1387, 0.25
1388, 0.62
1389, 0.44
1390, 0.38
1391, 0.19
1392, 0.44
1393, 0.31
1394, 0.56
1395, 0.12
1396, 0.56
1397, 0.38
1398, 0.31
1399, 0.31
1400, 0.56
1401, 0.50
1402, 0.31
1403, 0.25
1404, 0.00
1405, 0.12
1406, 0.50
1407, 0.38
1408, 0.44
1409, 0.69
1410, 0.62
1411, 0.62
1412, 0.56
1413, 0.62
1414, 0.44
1415, 0.12
1416, 0.81
1417, 0.56
1418, 0.50
1419, 0.25
1420, 0.44
1421, 0.38
1422, 0.31
1423, 0.44
1424, 0.62
1425, 0.50
1426, 0.25
1427, 0.50
1428, 0.50
1429, 0.25
1430, 0.50
1431, 0.81
1432, 0.50
1433, 0.25
1434, 0.38
1435, 0.31
1436, 0.38
1437, 0.50
1438, 0.12
1439, 0.75
1440, 0.56
1441, 0.38
1442, 0.69
1443, 0.62
1444, 0.31
1445, 0.38
1446, 0.25
1447, 0.12
1448, 0.25
1449, 0.25
1450, 0.44
1451, 0.56
1452, 0.62
1453, 0.44
1454, 0.38
1455, 0.38
1456, 0.56
1457, 0.44
1458, 0.38
1459, 0.31
1460, 0.50
1461, 0.31
1462, 0.50
1463, 0.56
1464, 0.44
1465, 0.25
1466, 0.62
1467, 0.06
1468, 0.62
1469, 0.44
1470, 0.62
1471, 0.38
1472, 0.31
1473, 0.31
1474, 0.62
1475, 0.69
1476, 0.56
1477, 0.50
1478, 0.50
1479, 0.44
1480, 0.62
1481, 0.75
1482, 0.50
1483, 0.44
1484, 0.31
1485, 0.62
1486, 0.31
1487, 0.62
1488, 0.31
1489, 0.38
1490, 0.38
1491, 0.25
1492, 0.38
1493, 0.62
1494, 0.50
1495, 0.56
1496, 0.38
1497, 0.44
1498, 0.25
1499, 0.19
1500, 0.38
1501, 0.44
1502, 0.38
1503, 0.62
1504, 0.38
1505, 0.94
1506, 0.25
1507, 0.50
1508, 0.62
1509, 0.38
1510, 0.44
1511, 0.44
1512, 0.31
1513, 0.56
1514, 0.31
1515, 0.56
1516, 0.38
1517, 0.44
1518, 0.38
1519, 0.25
1520, 0.31
1521, 0.56
1522, 0.69
1523, 0.38
1524, 0.38
1525, 0.69
1526, 0.31
1527, 0.19
1528, 0.44
1529, 0.50
1530, 0.25
1531, 0.44
1532, 0.50
1533, 0.44
1534, 0.25
1535, 0.56
1536, 0.31
1537, 0.25
1538, 0.75
1539, 0.25
1540, 0.44
1541, 0.50
1542, 0.50
1543, 0.38
1544, 0.56
1545, 0.62
1546, 0.38
1547, 0.50
1548, 0.56
1549, 0.50
1550, 0.19
1551, 0.38
1552, 0.31
1553, 0.12
1554, 0.56
1555, 0.25
1556, 0.25
1557, 0.69
1558, 0.38
1559, 0.19
1560, 0.69
1561, 0.31
1562, 0.38
1563, 0.31
1564, 0.75
1565, 0.75
1566, 0.56
1567, 0.50
1568, 0.56
1569, 0.62
1570, 0.56
1571, 0.31
1572, 0.69
1573, 0.12
1574, 0.12
1575, 0.44
1576, 0.94
1577, 0.62
1578, 0.62
1579, 0.50
1580, 0.19
1581, 0.31
1582, 0.25
1583, 0.50
1584, 0.12
1585, 0.44
1586, 0.25
1587, 0.38
1588, 0.44
1589, 0.44
1590, 0.31
1591, 0.62
1592, 0.44
1593, 0.56
1594, 0.62
1595, 0.12
1596, 0.38
1597, 0.44
1598, 0.50
1599, 0.44
1600, 0.44
1601, 0.44
1602, 0.62
1603, 0.25
1604, 0.31
1605, 0.31
1606, 0.50
1607, 0.50
1608, 0.44
1609, 0.38
1610, 0.38
1611, 0.31
1612, 0.31
1613, 0.19
1614, 0.62
1615, 0.69
1616, 0.44
1617, 0.56
1618, 0.62
1619, 0.56
1620, 0.69
1621, 0.44
1622, 0.62
1623, 0.25
1624, 0.50
1625, 0.44
1626, 0.25
1627, 0.38
1628, 0.38
1629, 0.56
1630, 0.75
1631, 0.31
1632, 0.38
1633, 0.19
1634, 0.31
1635, 0.19
1636, 0.69
1637, 0.44
1638, 0.38
1639, 0.31
1640, 0.19
1641, 0.56
1642, 0.50
1643, 0.62
1644, 0.62
1645, 0.44
1646, 0.25
1647, 0.62
1648, 0.44
1649, 0.31
1650, 0.25
1651, 0.62
1652, 0.12
1653, 0.31
1654, 0.50
1655, 0.38
1656, 0.38
1657, 0.12
1658, 0.31
1659, 0.38
1660, 0.38
1661, 0.25
1662, 0.50
1663, 0.56
1664, 0.19
1665, 0.62
1666, 0.31
1667, 0.62
1668, 0.12
1669, 0.25
1670, 0.38
1671, 0.62
1672, 0.44
1673, 0.56
1674, 0.62
1675, 0.12
1676, 0.44
1677, 0.62
1678, 0.38
1679, 0.56
1680, 0.31
1681, 0.38
1682, 0.31
1683, 0.31
1684, 0.38
1685, 0.38
1686, 0.50
1687, 0.56
1688, 0.38
1689, 0.62
1690, 0.44
1691, 0.44
1692, 0.56
1693, 0.12
1694, 0.44
1695, 0.62
1696, 0.25
1697, 0.69
1698, 0.38
1699, 0.38
1700, 0.25
1701, 0.25
1702, 0.31
1703, 0.31
1704, 0.19
1705, 0.69
1706, 0.62
1707, 0.62
1708, 0.31
1709, 0.75
1710, 0.31
1711, 0.25
1712, 0.56
1713, 0.38
1714, 0.62
1715, 0.94
1716, 0.69
1717, 0.38
1718, 0.25
1719, 0.25
1720, 0.31
1721, 0.56
1722, 0.50
1723, 0.44
1724, 0.25
1725, 0.31
1726, 0.69
1727, 0.12
1728, 0.50
1729, 0.56
1730, 0.44
1731, 0.44
1732, 0.62
1733, 0.50
1734, 0.25
1735, 0.69
1736, 0.56
1737, 0.44
1738, 0.94
1739, 0.44
1740, 0.69
1741, 0.44
1742, 0.44
1743, 0.19
1744, 0.38
1745, 0.31
1746, 0.50
1747, 0.38
1748, 0.56
1749, 0.62
1750, 0.31
1751, 0.25
1752, 0.75
1753, 0.50
1754, 0.62
1755, 0.50
1756, 0.38
1757, 0.69
1758, 0.62
1759, 0.69
1760, 0.69
1761, 0.50
1762, 0.31
1763, 0.44
1764, 0.50
1765, 0.56
1766, 0.50
1767, 0.62
1768, 0.31
1769, 0.62
1770, 0.19
1771, 0.44
1772, 0.44
1773, 0.62
1774, 0.44
1775, 0.38
1776, 0.38
1777, 0.38
1778, 0.50
1779, 0.44
1780, 0.69
1781, 0.50
1782, 0.31
1783, 0.50
1784, 0.44
1785, 0.38
1786, 0.56
1787, 0.75
1788, 0.44
1789, 0.25
1790, 0.44
1791, 0.31
1792, 0.62
1793, 0.50
1794, 0.25
1795, 0.38
1796, 0.19
1797, 0.62
1798, 0.38
1799, 0.38
1800, 0.94
1801, 0.25
1802, 0.50
1803, 0.44
1804, 0.31
1805, 0.38
1806, 0.62
1807, 0.31
1808, 0.38
1809, 0.62
1810, 0.25
1811, 0.56
1812, 0.69
1813, 0.31
1814, 0.38
1815, 0.62
1816, 0.31
1817, 0.56
1818, 0.56
1819, 0.50
1820, 0.44
1821, 0.56
1822, 0.62
1823, 0.31
1824, 0.19
1825, 0.25
1826, 0.38
1827, 0.19
1828, 0.06
1829, 0.69
1830, 0.56
1831, 0.38
1832, 0.31
1833, 0.31
1834, 0.31
1835, 0.25
1836, 0.25
1837, 0.38
1838, 0.38
1839, 0.19
1840, 0.50
1841, 0.31
1842, 0.25
1843, 0.06
1844, 0.50
1845, 0.25
1846, 0.88
1847, 0.19
1848, 0.25
1849, 0.44
1850, 0.38
1851, 0.50
1852, 0.50
1853, 0.75
1854, 0.44
1855, 0.19
1856, 0.50
1857, 0.31
1858, 0.38
1859, 0.44
1860, 0.38
1861, 0.44
1862, 0.75
1863, 0.38
1864, 0.38
1865, 0.44
1866, 0.44
1867, 0.50
1868, 0.44
1869, 0.38
1870, 0.50
1871, 0.25
1872, 0.56
1873, 0.44
1874, 0.31
1875, 0.81
1876, 0.50
1877, 0.25
1878, 0.44
1879, 0.44
1880, 0.75
1881, 0.62
1882, 0.69
1883, 0.44
1884, 0.56
1885, 0.19
1886, 0.44
1887, 0.12
1888, 0.25
1889, 0.31
1890, 0.31
1891, 0.44
1892, 0.62
1893, 0.31
1894, 0.06
1895, 0.56
1896, 0.25
1897, 0.38
1898, 0.44
1899, 0.50
1900, 0.50
1901, 0.44
1902, 0.62
1903, 0.50
1904, 0.38
1905, 0.38
1906, 0.31
1907, 0.69
1908, 0.56
1909, 0.62
1910, 0.38
1911, 0.31
1912, 0.69
1913, 0.50
1914, 0.50
1915, 0.44
1916, 0.38
1917, 0.56
1918, 0.19
1919, 0.69
1920, 0.44
1921, 0.69
1922, 0.56
1923, 0.56
1924, 0.62
1925, 0.31
1926, 0.69
1927, 0.12
1928, 0.56
1929, 0.62
1930, 0.38
1931, 0.25
1932, 0.25
1933, 0.62
1934, 0.38
1935, 0.25
1936, 0.50
1937, 0.44
1938, 0.31
1939, 0.25
1940, 0.31
1941, 0.50
1942, 0.56
1943, 0.44
1944, 0.62
1945, 0.12
1946, 0.56
1947, 0.38
1948, 0.31
1949, 0.44
1950, 0.38
1951, 0.44
1952, 0.62
1953, 0.62
1954, 0.38
1955, 0.38
1956, 0.50
1957, 0.50
1958, 0.62
1959, 0.44
1960, 0.19
1961, 0.75
1962, 0.38
1963, 0.62
1964, 0.50
1965, 0.25
1966, 0.38
1967, 0.69
1968, 0.19
1969, 0.44
1970, 0.31
1971, 0.50
1972, 0.94
1973, 0.56
1974, 0.25
1975, 0.62
1976, 0.19
1977, 0.38
1978, 0.56
1979, 0.56
1980, 0.44
1981, 0.44
1982, 0.31
1983, 0.69
1984, 0.56
1985, 0.31
1986, 0.62
1987, 0.31
1988, 0.38
1989, 0.56
1990, 0.38
1991, 0.25
1992, 0.44
1993, 0.31
1994, 0.56
1995, 0.44
1996, 0.56
1997, 0.31
1998, 0.19
1999, 0.19
2000, 0.50
2001, 0.25
2002, 0.56
2003, 0.50
2004, 0.62
2005, 0.62
2006, 0.62
2007, 0.31
2008, 0.62
2009, 0.62
2010, 0.62
2011, 0.19
2012, 0.31
2013, 0.38
2014, 0.56
2015, 0.50
2016, 0.38
2017, 0.19
2018, 0.50
2019, 0.44
2020, 0.69
2021, 0.38
2022, 0.56
2023, 0.12
2024, 0.44
2025, 0.38
2026, 0.44
2027, 0.62
2028, 0.25
2029, 0.44
2030, 0.19
2031, 0.56
2032, 0.25
2033, 0.44
2034, 0.25
2035, 0.44
2036, 0.31
2037, 0.44
2038, 0.62
2039, 0.50
2040, 0.06
2041, 0.44
2042, 0.44
2043, 0.38
2044, 0.31
2045, 0.50
2046, 0.62
2047, 0.31
2048, 0.31
2049, 0.56
2050, 0.44
2051, 0.25
2052, 0.50
2053, 0.44
2054, 0.50
2055, 0.44
2056, 0.25
2057, 0.38
2058, 0.62
2059, 0.12
2060, 0.38
2061, 0.25
2062, 0.44
2063, 0.62
2064, 0.44
2065, 0.62
2066, 0.62
2067, 0.38
2068, 0.31
2069, 0.38
2070, 0.56
2071, 0.56
2072, 0.06
2073, 0.38
2074, 0.25
2075, 0.50
2076, 0.44
2077, 0.38
2078, 0.38
2079, 0.56
2080, 0.56
2081, 0.44
2082, 0.38
2083, 0.44
2084, 0.38
2085, 0.69
2086, 0.25
2087, 0.69
2088, 0.44
2089, 0.38
2090, 0.44
2091, 0.44
2092, 0.44
2093, 0.44
2094, 0.25
2095, 0.56
2096, 0.38
2097, 0.25
2098, 0.62
2099, 0.19
2100, 0.31
2101, 0.38
2102, 0.44
2103, 0.56
2104, 0.19
2105, 0.62
2106, 0.62
2107, 0.75
2108, 0.31
2109, 0.38
2110, 0.44
2111, 0.44
2112, 0.38
2113, 0.56
2114, 0.06
2115, 0.69
2116, 0.31
2117, 0.62
2118, 0.19
2119, 0.50
2120, 0.44
2121, 0.44
2122, 0.56
2123, 0.62
2124, 0.88
2125, 0.38
2126, 0.44
2127, 0.50
2128, 0.62
2129, 0.31
2130, 0.31
2131, 0.38
2132, 0.62
2133, 0.69
2134, 0.69
2135, 0.31
2136, 0.56
2137, 0.44
2138, 0.31
2139, 0.38
2140, 0.38
2141, 0.69
2142, 0.44
2143, 0.69
2144, 0.25
2145, 0.50
2146, 0.44
2147, 0.44
2148, 0.38
2149, 0.25
2150, 0.25
2151, 0.31
2152, 0.50
2153, 0.31
2154, 0.38
2155, 0.69
2156, 0.31
2157, 0.44
2158, 0.44
2159, 0.62
2160, 0.69
2161, 0.38
2162, 0.56
2163, 0.12
2164, 0.44
2165, 0.56
2166, 0.62
2167, 0.50
2168, 0.75
2169, 0.69
2170, 0.50
2171, 0.31
2172, 0.25
2173, 0.56
2174, 0.62
2175, 0.62
2176, 0.62
2177, 0.44
2178, 0.56
2179, 0.69
2180, 0.56
2181, 0.25
2182, 0.62
2183, 0.38
2184, 0.44
2185, 0.25
2186, 0.38
2187, 0.44
2188, 0.19
2189, 0.62
2190, 0.12
2191, 0.25
2192, 0.44
2193, 0.62
2194, 0.25
2195, 0.38
2196, 0.75
2197, 0.62
2198, 0.56
2199, 0.44
2200, 0.19
2201, 0.31
2202, 0.56
2203, 0.62
2204, 0.69
2205, 0.19
2206, 0.31
2207, 0.25
2208, 0.06
2209, 0.31
2210, 0.88
2211, 0.44
2212, 0.50
2213, 0.44
2214, 0.19
2215, 0.44
2216, 0.44
2217, 0.31
2218, 0.38
2219, 0.44
2220, 0.44
2221, 0.56
2222, 0.31
2223, 0.44
2224, 0.38
2225, 0.31
2226, 0.38
2227, 0.56
2228, 0.31
2229, 0.50
2230, 0.25
2231, 0.31
2232, 0.31
2233, 0.44
2234, 0.69
2235, 0.62
2236, 0.19
2237, 0.44
2238, 0.44
2239, 0.56
2240, 0.12
2241, 0.38
2242, 0.50
2243, 0.56
2244, 0.31
2245, 0.69
2246, 0.38
2247, 0.31
2248, 0.12
2249, 0.38
2250, 0.88
2251, 0.50
2252, 0.38
2253, 0.56
2254, 0.06
2255, 0.62
2256, 0.31
2257, 0.19
2258, 0.44
2259, 0.31
2260, 0.50
2261, 0.62
2262, 0.38
2263, 0.44
2264, 0.12
2265, 0.31
2266, 0.38
2267, 0.31
2268, 0.62
2269, 0.25
2270, 0.56
2271, 0.44
2272, 0.56
2273, 0.38
2274, 0.06
2275, 0.88
2276, 0.50
2277, 0.62
2278, 0.44
2279, 0.31
2280, 0.25
2281, 0.38
2282, 0.75
2283, 0.69
2284, 0.38
2285, 0.44
2286, 0.31
2287, 0.38
2288, 0.44
2289, 0.44
2290, 0.62
2291, 0.31
2292, 0.38
2293, 0.69
2294, 0.75
2295, 0.69
2296, 0.31
2297, 0.44
2298, 0.25
2299, 0.50
2300, 0.44
2301, 0.44
2302, 0.19
2303, 0.25
2304, 0.31
2305, 0.56
2306, 0.44
2307, 0.50
2308, 0.38
2309, 0.44
2310, 0.38
2311, 0.25
2312, 0.12
2313, 0.31
2314, 0.50
2315, 0.50
2316, 0.81
2317, 0.88
2318, 0.31
2319, 0.50
2320, 0.62
2321, 0.44
2322, 0.19
2323, 0.44
2324, 0.44
2325, 0.25
2326, 0.31
2327, 0.38
2328, 0.44
2329, 0.44
2330, 0.25
2331, 0.62
2332, 0.25
2333, 0.25
2334, 0.31
2335, 0.19
2336, 0.81
2337, 0.50
2338, 0.62
2339, 0.38
2340, 0.38
2341, 0.25
2342, 0.19
2343, 0.62
2344, 0.25
2345, 0.44
2346, 0.62
2347, 0.50
2348, 0.31
2349, 0.44
2350, 0.50
2351, 0.75
2352, 0.50
2353, 0.31
2354, 0.38
2355, 0.44
2356, 0.38
2357, 0.69
2358, 0.25
2359, 0.44
2360, 0.38
2361, 0.62
2362, 0.56
2363, 0.69
2364, 0.56
2365, 0.44
2366, 0.44
2367, 0.12
2368, 0.56
2369, 0.31
2370, 0.31
2371, 0.50
2372, 0.31
2373, 0.62
2374, 0.31
2375, 0.25
2376, 0.44
2377, 0.38
2378, 0.75
2379, 0.44
2380, 0.56
2381, 0.25
2382, 0.38
2383, 0.25
2384, 0.25
2385, 0.44
2386, 0.56
2387, 0.62
2388, 0.38
2389, 0.69
2390, 0.69
2391, 0.50
2392, 0.50
2393, 0.25
2394, 0.31
2395, 0.38
2396, 0.44
2397, 0.44
2398, 0.62
2399, 0.12
2400, 0.56
2401, 0.19
2402, 0.38
2403, 0.38
2404, 0.31
2405, 0.50
2406, 0.56
2407, 0.44
2408, 0.62
2409, 0.19
2410, 0.50
2411, 0.44
2412, 0.38
2413, 0.44
2414, 0.25
2415, 0.44
2416, 0.38
2417, 0.38
2418, 0.31
2419, 0.69
2420, 0.38
2421, 0.62
2422, 0.56
2423, 0.12
2424, 0.62
2425, 0.38
2426, 0.19
2427, 0.69
2428, 0.56
2429, 0.25
2430, 0.44
2431, 0.44
2432, 0.62
2433, 0.31
2434, 0.38
2435, 0.31
2436, 0.31
2437, 0.38
2438, 0.19
2439, 0.31
2440, 0.31
2441, 0.31
2442, 0.56
2443, 0.44
2444, 0.50
2445, 0.38
2446, 0.31
2447, 0.25
2448, 0.31
2449, 0.31
2450, 0.44
2451, 0.31
2452, 0.56
2453, 0.38
2454, 0.50
2455, 0.62
2456, 0.62
2457, 0.50
2458, 0.62
2459, 0.56
2460, 0.69
2461, 0.69
2462, 0.62
2463, 0.56
2464, 0.38
2465, 0.50
2466, 0.19
2467, 0.69
2468, 0.25
2469, 0.69
2470, 0.38
2471, 0.25
2472, 0.56
2473, 0.56
2474, 0.25
2475, 0.50
2476, 0.25
2477, 0.12
2478, 0.06
2479, 0.44
2480, 0.38
2481, 0.31
2482, 0.44
2483, 0.50
2484, 0.44
2485, 0.25
2486, 0.44
2487, 0.38
2488, 0.50
2489, 0.19
2490, 0.31
2491, 0.69
2492, 0.56
2493, 0.50
2494, 0.44
2495, 0.31
2496, 0.31
2497, 0.56
2498, 0.62
2499, 0.50
2500, 0.25
2501, 0.56
2502, 0.19
2503, 0.38
2504, 0.38
2505, 0.62
2506, 0.50
2507, 0.44
2508, 0.62
2509, 0.25
2510, 0.38
2511, 0.50
2512, 0.56
2513, 0.69
2514, 0.50
2515, 0.62
2516, 0.69
2517, 0.12
2518, 0.38
2519, 0.44
2520, 0.56
2521, 0.81
2522, 0.44
2523, 0.44
2524, 0.38
2525, 0.56
2526, 0.12
2527, 0.50
2528, 0.44
2529, 0.25
2530, 0.62
2531, 0.44
2532, 0.44
2533, 0.44
2534, 0.44
2535, 0.12
2536, 0.38
2537, 0.31
2538, 0.44
2539, 0.56
2540, 0.44
2541, 0.94
2542, 0.25
2543, 0.25
2544, 0.31
2545, 0.25
2546, 0.75
2547, 0.56
2548, 0.44
2549, 0.38
2550, 0.31
2551, 0.19
2552, 0.44
2553, 0.56
2554, 0.25
2555, 0.56
2556, 0.44
2557, 0.56
2558, 0.31
2559, 0.38
2560, 0.69
2561, 0.12
2562, 0.50
2563, 0.69
2564, 0.62
2565, 0.25
2566, 0.69
2567, 0.38
2568, 0.44
2569, 0.62
2570, 0.38
2571, 0.31
2572, 0.44
2573, 0.44
2574, 0.38
2575, 0.12
2576, 0.38
2577, 0.31
2578, 0.44
2579, 0.31
2580, 0.44
2581, 0.44
2582, 0.44
2583, 0.44
2584, 0.25
2585, 0.75
2586, 0.56
2587, 0.56
2588, 0.31
2589, 0.38
2590, 0.31
2591, 0.31
2592, 0.38
2593, 0.44
2594, 0.50
2595, 0.44
2596, 0.31
2597, 0.50
2598, 0.31
2599, 0.19
2600, 0.69
2601, 0.69
2602, 0.31
2603, 0.31
2604, 0.38
2605, 0.50
2606, 0.44
2607, 0.44
2608, 0.44
2609, 0.56
2610, 0.25
2611, 0.19
2612, 0.56
2613, 0.62
2614, 0.25
2615, 0.62
2616, 0.50
2617, 0.94
2618, 0.50
2619, 0.31
2620, 0.75
2621, 0.50
2622, 0.69
2623, 0.25
2624, 0.50
2625, 0.62
2626, 0.94
2627, 0.62
2628, 0.25
2629, 0.44
2630, 0.88
2631, 0.50
2632, 0.50
2633, 1.00
2634, 0.56
2635, 0.56
2636, 0.56
2637, 0.69
2638, 0.12
2639, 0.44
2640, 0.31
2641, 0.31
2642, 0.56
2643, 0.44
2644, 0.44
2645, 0.50
2646, 0.19
2647, 0.25
2648, 0.88
2649, 0.38
2650, 0.69
2651, 0.44
2652, 0.25
2653, 0.44
2654, 0.50
2655, 0.38
2656, 0.50
2657, 0.62
2658, 0.56
2659, 0.44
2660, 0.56
2661, 0.62
2662, 0.62
2663, 0.38
2664, 0.31
2665, 0.56
2666, 0.31
2667, 0.31
2668, 0.56
2669, 0.38
2670, 0.62
2671, 0.62
2672, 0.38
2673, 0.31
2674, 0.44
2675, 0.12
2676, 0.44
2677, 0.44
2678, 0.69
2679, 0.31
2680, 0.25
2681, 0.62
2682, 0.56
2683, 0.44
2684, 0.44
2685, 0.25
2686, 0.56
2687, 0.62
2688, 0.44
2689, 0.44
2690, 0.19
2691, 0.69
2692, 0.44
2693, 0.31
2694, 0.38
2695, 0.31
2696, 0.25
2697, 0.56
2698, 0.56
2699, 0.56
2700, 0.50
2701, 0.44
2702, 0.31
2703, 0.31
2704, 0.19
2705, 0.50
2706, 0.69
2707, 0.44
2708, 0.25
2709, 0.62
2710, 0.62
2711, 0.31
2712, 0.75
2713, 0.56
2714, 0.56
2715, 0.19
2716, 0.31
2717, 0.25
2718, 0.44
2719, 0.31
2720, 0.12
2721, 0.31
2722, 0.56
2723, 0.38
2724, 0.38
2725, 0.50
2726, 0.50
2727, 0.44
2728, 0.44
2729, 0.44
2730, 0.19
2731, 0.31
2732, 0.44
2733, 0.19
2734, 0.31
2735, 0.44
2736, 0.44
2737, 0.56
2738, 0.56
2739, 0.31
2740, 0.44
2741, 0.62
2742, 0.62
2743, 0.62
2744, 0.25
2745, 0.44
2746, 0.44
2747, 0.31
2748, 0.44
2749, 0.50
2750, 0.44
2751, 0.69
2752, 0.38
2753, 0.62
2754, 0.94
2755, 0.38
2756, 0.19
2757, 0.38
2758, 0.69
2759, 0.25
2760, 0.25
2761, 0.25
2762, 0.25
2763, 0.31
2764, 0.25
2765, 0.19
2766, 0.44
2767, 0.62
2768, 0.50
2769, 0.62
2770, 0.31
2771, 0.50
2772, 0.31
2773, 0.44
2774, 0.44
2775, 0.31
2776, 0.69
2777, 0.94
2778, 0.56
2779, 0.25
2780, 0.62
2781, 0.50
2782, 0.19
2783, 0.50
2784, 0.31
2785, 0.12
2786, 0.62
2787, 0.62
2788, 0.19
2789, 0.38
2790, 0.25
2791, 0.50
2792, 0.69
2793, 0.50
2794, 0.38
2795, 0.56
2796, 0.44
2797, 0.62
2798, 0.31
2799, 0.50
2800, 0.69
2801, 0.25
2802, 0.62
2803, 0.50
2804, 0.31
2805, 0.62
2806, 0.50
2807, 0.38
2808, 0.44
2809, 0.31
2810, 0.12
2811, 0.25
2812, 0.38
2813, 0.38
2814, 0.62
2815, 0.62
2816, 0.19
2817, 0.38
2818, 0.44
2819, 0.38
2820, 0.62
2821, 0.25
2822, 0.31
2823, 0.00
2824, 0.50
2825, 0.25
2826, 0.31
2827, 0.12
2828, 0.44
2829, 0.25
2830, 0.62
2831, 0.50
2832, 0.25
2833, 0.50
2834, 0.31
2835, 0.25
2836, 0.19
2837, 0.44
2838, 0.25
2839, 0.31
2840, 0.25
2841, 0.06
2842, 0.69
2843, 0.31
2844, 0.31
2845, 0.38
2846, 0.56
2847, 0.62
2848, 0.88
2849, 0.38
2850, 0.38
2851, 0.50
2852, 0.38
2853, 0.50
2854, 0.56
2855, 0.50
2856, 0.19
2857, 0.44
2858, 0.25
2859, 0.38
2860, 0.38
2861, 0.44
2862, 0.38
2863, 0.44
2864, 0.56
2865, 0.56
2866, 0.50
2867, 0.44
2868, 0.31
2869, 0.31
2870, 0.31
2871, 0.38
2872, 0.25
2873, 0.62
2874, 0.25
2875, 0.38
2876, 0.31
2877, 0.44
2878, 0.44
2879, 0.44
2880, 0.31
2881, 0.38
2882, 0.69
2883, 0.62
2884, 0.62
2885, 0.25
2886, 0.38
2887, 0.50
2888, 0.38
2889, 0.62
2890, 0.38
2891, 0.62
2892, 0.31
2893, 0.69
2894, 0.56
2895, 0.50
2896, 0.44
2897, 0.50
2898, 0.62
2899, 0.50
2900, 0.38
2901, 0.31
2902, 0.75
2903, 0.62
2904, 0.25
2905, 0.44
2906, 0.62
2907, 0.56
2908, 0.38
2909, 0.38
2910, 0.69
2911, 0.31
2912, 0.31
2913, 0.38
2914, 0.56
2915, 0.62
2916, 0.38
2917, 0.38
2918, 0.62
2919, 0.50
2920, 0.38
2921, 0.50
2922, 0.69
2923, 0.12
2924, 0.56
2925, 0.38
2926, 0.50
2927, 0.38
2928, 0.44
2929, 0.38
2930, 0.62
2931, 0.31
2932, 0.50
2933, 0.31
2934, 0.50
2935, 0.50
2936, 0.31
2937, 0.56
2938, 0.75
2939, 0.38
2940, 0.19
2941, 0.44
2942, 0.62
2943, 0.44
2944, 0.38
2945, 0.19
2946, 0.19
2947, 0.44
2948, 0.56
2949, 0.62
2950, 0.12
2951, 0.25
2952, 0.62
2953, 0.31
2954, 0.69
2955, 0.31
2956, 0.50
2957, 0.81
2958, 0.38
2959, 0.31
2960, 0.69
2961, 0.25
2962, 0.38
2963, 0.50
2964, 0.50
2965, 0.44
2966, 0.44
2967, 0.25
2968, 0.25
2969, 0.44
2970, 0.25
2971, 0.62
2972, 0.25
2973, 0.62
2974, 0.25
2975, 0.50
2976, 0.25
2977, 0.25
2978, 0.38
2979, 0.19
2980, 0.25
2981, 0.62
2982, 0.44
2983, 0.62
2984, 0.25
2985, 0.50
2986, 0.50
2987, 0.06
2988, 0.69
2989, 0.38
2990, 0.25
2991, 0.75
2992, 0.94
2993, 0.50
2994, 0.44
2995, 0.38
2996, 0.38
2997, 0.56
2998, 0.62
2999, 0.44
3000, 0.31
3001, 0.44
3002, 0.44
3003, 0.69
3004, 0.44
3005, 0.56
3006, 0.44
3007, 0.38
3008, 0.50
3009, 0.44
3010, 0.50
3011, 0.50
3012, 0.50
3013, 0.44
3014, 0.38
3015, 0.38
3016, 0.44
3017, 0.38
3018, 0.44
3019, 0.38
3020, 0.69
3021, 0.38
3022, 0.50
3023, 0.50
3024, 0.38
3025, 0.50
3026, 0.56
3027, 0.38
3028, 0.44
3029, 0.12
3030, 0.44
3031, 0.38
3032, 0.25
3033, 0.50
3034, 0.50
3035, 0.31
3036, 0.56
3037, 0.38
3038, 0.38
3039, 0.25
3040, 0.38
3041, 0.19
3042, 0.31
3043, 0.38
3044, 0.50
3045, 0.44
3046, 0.44
3047, 0.25
3048, 0.69
3049, 0.38
3050, 0.06
3051, 0.44
3052, 0.44
3053, 0.12
3054, 0.69
3055, 0.44
3056, 0.38
3057, 0.44
3058, 0.56
3059, 0.19
3060, 0.50
3061, 0.56
3062, 0.62
3063, 0.56
3064, 0.19
3065, 0.25
3066, 0.31
3067, 0.44
3068, 0.31
3069, 0.25
3070, 0.62
3071, 0.25
3072, 0.69
3073, 0.31
3074, 0.50
3075, 0.31
3076, 0.44
3077, 0.38
3078, 0.69
3079, 0.50
3080, 0.44
3081, 0.69
3082, 0.69
3083, 0.75
3084, 0.44
3085, 0.19
3086, 0.31
3087, 0.25
3088, 0.31
3089, 0.62
3090, 0.31
3091, 0.56
3092, 0.31
3093, 0.44
3094, 0.56
3095, 0.38
3096, 0.25
3097, 0.12
3098, 0.50
3099, 0.62
3100, 0.62
3101, 0.50
3102, 0.25
3103, 0.31
3104, 0.12
3105, 0.44
3106, 0.44
3107, 0.25
3108, 0.31
3109, 0.25
3110, 0.56
3111, 0.19
3112, 0.50
3113, 0.38
3114, 0.31
3115, 0.19
3116, 0.56
3117, 0.31
3118, 0.44
3119, 0.50
3120, 0.62
3121, 0.19
3122, 0.25
3123, 0.56
3124, 0.69
3125, 0.25
3126, 0.50
3127, 0.62
3128, 0.19
3129, 0.12
3130, 0.62
3131, 0.44
3132, 0.50
3133, 0.75
3134, 0.50
3135, 0.56
3136, 0.44
3137, 0.31
3138, 0.44
3139, 0.19
3140, 0.44
3141, 0.38
3142, 0.69
3143, 0.44
3144, 0.88
3145, 0.12
3146, 0.62
3147, 0.38
3148, 0.44
3149, 0.25
3150, 0.62
3151, 0.56
3152, 0.31
3153, 0.56
3154, 0.44
3155, 0.38
3156, 0.31
3157, 0.38
3158, 0.31
3159, 0.62
3160, 0.62
3161, 0.44
3162, 0.62
3163, 0.69
3164, 0.62
3165, 0.62
3166, 0.44
3167, 0.19
3168, 0.62
3169, 0.56
3170, 0.38
3171, 0.69
3172, 0.62
3173, 0.62
3174, 0.44
3175, 0.44
3176, 0.56
3177, 0.31
3178, 0.50
3179, 0.38
3180, 0.38
3181, 0.31
3182, 0.12
3183, 0.25
3184, 0.38
3185, 0.38
3186, 0.19
3187, 0.25
3188, 0.50
3189, 0.50
3190, 0.31
3191, 0.88
3192, 0.31
3193, 0.56
3194, 0.56
3195, 0.31
3196, 0.50
3197, 0.44
3198, 0.38
3199, 0.38
3200, 0.50
3201, 0.62
3202, 0.62
3203, 0.31
3204, 0.69
3205, 0.38
3206, 0.25
3207, 0.75
3208, 0.56
3209, 0.50
3210, 0.50
3211, 0.62
3212, 1.00
3213, 0.12
3214, 0.31
3215, 0.94
3216, 0.25
3217, 0.50
3218, 0.62
3219, 0.31
3220, 0.56
3221, 0.12
3222, 0.94
3223, 0.38
3224, 0.56
3225, 0.31
3226, 0.50
3227, 0.38
3228, 0.75
3229, 0.31
3230, 0.38
3231, 0.31
3232, 0.75
3233, 0.19
3234, 0.25
3235, 0.31
3236, 0.50
3237, 0.56
3238, 0.25
3239, 0.38
3240, 0.31
3241, 0.56
3242, 0.19
3243, 0.38
3244, 0.44
3245, 0.56
3246, 0.56
3247, 0.69
3248, 0.50
3249, 0.56
3250, 0.25
3251, 0.38
3252, 0.69
3253, 0.38
3254, 0.69
3255, 0.62
3256, 0.38
3257, 0.38
3258, 0.44
3259, 0.38
3260, 0.06
3261, 0.62
3262, 0.31
3263, 0.25
3264, 0.62
3265, 0.38
3266, 0.44
3267, 0.31
3268, 0.44
3269, 0.25
3270, 0.31
3271, 0.31
3272, 0.50
3273, 0.38
3274, 0.62
3275, 0.69
3276, 0.31
3277, 0.31
3278, 0.56
3279, 0.44
3280, 0.25
3281, 0.19
3282, 0.25
3283, 0.19
3284, 0.44
3285, 0.25
3286, 0.69
3287, 0.44
3288, 0.50
3289, 0.50
3290, 0.31
3291, 0.44
3292, 0.69
3293, 0.50
3294, 0.50
3295, 0.19
3296, 0.69
3297, 0.56
3298, 0.44
3299, 0.25
3300, 0.31
3301, 0.44
3302, 0.56
3303, 0.50
3304, 0.31
3305, 0.19
3306, 0.19
3307, 0.31
3308, 0.50
3309, 0.31
3310, 0.31
3311, 0.19
3312, 0.62
3313, 0.62
3314, 0.38
3315, 0.25
3316, 0.56
3317, 0.44
3318, 0.75
3319, 0.44
3320, 0.38
3321, 0.56
3322, 0.38
3323, 0.50
3324, 0.50
3325, 0.44
3326, 0.38
3327, 0.19
3328, 0.38
3329, 0.12
3330, 0.50
3331, 0.25
3332, 0.38
3333, 0.25
3334, 0.38
3335, 0.62
3336, 0.50
3337, 0.38
3338, 0.12
3339, 0.31
3340, 0.62
3341, 0.56
3342, 0.50
3343, 0.12
3344, 0.62
3345, 0.44
3346, 0.38
3347, 0.56
3348, 0.25
3349, 0.44
3350, 0.44
3351, 0.25
3352, 0.38
3353, 0.44
3354, 0.31
3355, 0.25
3356, 0.56
3357, 0.44
3358, 0.06
3359, 0.44
3360, 0.50
3361, 0.62
3362, 0.50
3363, 0.50
3364, 0.19
3365, 0.38
3366, 0.25
3367, 0.31
3368, 0.19
3369, 0.50
3370, 0.50
3371, 0.19
3372, 0.31
3373, 0.25
3374, 0.38
3375, 0.44
3376, 0.38
3377, 0.94
3378, 0.38
3379, 0.25
3380, 0.12
3381, 0.38
3382, 0.25
3383, 0.25
3384, 0.12
3385, 0.19
3386, 0.62
3387, 0.69
3388, 0.44
3389, 0.50
3390, 0.62
3391, 0.31
3392, 0.56
3393, 0.31
3394, 0.69
3395, 0.56
3396, 0.81
3397, 0.25
3398, 0.38
3399, 0.38
3400, 0.94
3401, 0.44
3402, 0.56
3403, 0.31
3404, 0.50
3405, 0.56
3406, 0.69
3407, 0.19
3408, 0.31
3409, 0.19
3410, 0.56
3411, 0.31
3412, 0.44
3413, 0.50
3414, 0.62
3415, 0.50
3416, 0.19
3417, 0.50
3418, 0.44
3419, 0.12
3420, 0.56
3421, 0.12
3422, 0.25
3423, 0.12
3424, 0.50
3425, 0.62
3426, 0.19
3427, 0.50
3428, 0.31
3429, 0.12
3430, 0.38
3431, 0.69
3432, 0.19
3433, 0.31
3434, 0.44
3435, 0.44
3436, 0.44
3437, 1.00
3438, 0.19
3439, 0.06
3440, 0.31
3441, 0.12
3442, 0.31
3443, 0.12
3444, 0.56
3445, 0.44
3446, 0.12
3447, 0.25
3448, 0.56
3449, 0.31
3450, 0.31
3451, 0.75
3452, 0.56
3453, 0.38
3454, 0.75
3455, 0.19
3456, 0.19
3457, 0.62
3458, 0.25
3459, 0.38
3460, 0.50
3461, 0.56
3462, 0.81
3463, 0.25
3464, 0.75
3465, 0.38
3466, 0.38
3467, 0.62
3468, 0.44
3469, 0.56
3470, 0.62
3471, 0.50
3472, 0.62
3473, 0.69
3474, 0.44
3475, 0.25
3476, 0.50
3477, 0.44
3478, 0.25
3479, 0.44
3480, 0.50
3481, 0.50
3482, 0.19
3483, 0.38
3484, 0.75
3485, 0.44
3486, 0.62
3487, 0.25
3488, 0.31
3489, 0.31
3490, 0.25
3491, 0.56
3492, 0.44
3493, 0.38
3494, 0.31
3495, 0.50
3496, 0.38
3497, 0.38
3498, 0.38
3499, 0.75
3500, 0.50
3501, 0.38
3502, 0.56
3503, 0.50
3504, 0.31
3505, 0.44
3506, 0.75
3507, 0.50
3508, 0.56
3509, 0.38
3510, 0.38
3511, 0.44
3512, 0.38
3513, 0.50
3514, 0.50
3515, 0.38
3516, 0.62
3517, 0.31
3518, 0.38
3519, 0.25
3520, 0.38
3521, 0.62
3522, 0.19
3523, 0.56
3524, 0.38
3525, 0.94
3526, 0.38
3527, 0.44
3528, 0.56
3529, 0.50
3530, 0.31
3531, 0.31
3532, 0.44
3533, 0.44
3534, 0.44
3535, 0.44
3536, 0.44
3537, 0.44
3538, 0.44
3539, 0.38
3540, 0.50
3541, 0.50
3542, 0.19
3543, 0.69
3544, 0.12
3545, 0.62
3546, 0.56
3547, 0.56
3548, 0.25
3549, 0.69
3550, 0.56
3551, 0.44
3552, 0.25
3553, 0.31
3554, 0.69
3555, 0.50
3556, 0.31
3557, 0.25
3558, 0.38
3559, 0.44
3560, 0.38
3561, 0.69
3562, 0.31
3563, 0.06
3564, 0.62
3565, 0.38
3566, 0.50
3567, 0.38
3568, 0.25
3569, 0.62
3570, 0.50
3571, 0.62
3572, 0.31
3573, 0.62
3574, 0.69
3575, 0.62
3576, 0.38
3577, 0.38
3578, 0.38
3579, 0.06
3580, 0.25
3581, 0.31
3582, 0.62
3583, 0.25
3584, 0.62
3585, 0.50
3586, 0.62
3587, 0.19
3588, 0.38
3589, 0.31
3590, 0.44
3591, 0.25
3592, 0.38
3593, 0.19
3594, 0.69
3595, 0.56
3596, 0.38
3597, 0.44
3598, 0.50
3599, 0.12
3600, 0.38
3601, 0.44
3602, 0.50
3603, 0.69
3604, 0.44
3605, 0.31
3606, 0.62
3607, 0.31
3608, 0.50
3609, 0.56
3610, 0.38
3611, 0.56
3612, 0.44
3613, 0.25
3614, 0.62
3615, 0.31
3616, 0.62
3617, 0.56
3618, 0.38
3619, 0.12
3620, 0.31
3621, 0.19
3622, 0.25
3623, 0.75
3624, 0.62
3625, 0.50
3626, 0.62
3627, 0.62
3628, 0.44
3629, 0.44
3630, 0.44
3631, 0.69
3632, 0.25
3633, 0.44
3634, 0.44
3635, 0.38
3636, 0.44
3637, 0.25
3638, 0.62
3639, 0.38
3640, 0.25
3641, 0.44
3642, 0.44
3643, 0.50
3644, 0.50
3645, 0.44
3646, 0.56
3647, 0.50
3648, 0.44
3649, 0.44
3650, 0.31
3651, 0.44
3652, 0.38
3653, 0.69
3654, 0.88
3655, 0.44
3656, 0.06
3657, 0.31
3658, 0.44
3659, 0.38
3660, 0.62
3661, 0.38
3662, 0.44
3663, 0.56
3664, 0.44
3665, 0.31
3666, 0.38
3667, 0.44
3668, 0.44
3669, 0.62
3670, 0.31
3671, 0.44
3672, 0.62
3673, 0.31
3674, 0.31
3675, 0.44
3676, 0.31
3677, 0.31
3678, 0.69
3679, 0.38
3680, 0.44
3681, 0.62
3682, 0.19
3683, 0.38
3684, 0.38
3685, 0.56
3686, 0.50
3687, 0.50
3688, 0.50
3689, 0.25
3690, 0.62
3691, 0.31
3692, 0.38
3693, 0.25
3694, 0.62
3695, 0.44
3696, 0.38
3697, 0.56
3698, 0.56
3699, 0.31
3700, 0.44
3701, 0.44
3702, 0.31
3703, 0.62
3704, 0.44
3705, 0.31
3706, 0.38
3707, 0.50
3708, 0.31
3709, 0.31
3710, 0.19
3711, 0.56
3712, 0.25
3713, 0.69
3714, 0.50
3715, 0.69
3716, 0.50
3717, 0.69
3718, 0.19
3719, 0.25
3720, 0.19
3721, 0.44
3722, 0.56
3723, 0.31
3724, 0.56
3725, 0.44
3726, 0.25
3727, 0.44
3728, 0.56
3729, 0.31
3730, 0.31
3731, 0.62
3732, 0.31
3733, 0.38
3734, 0.38
3735, 0.50
3736, 0.50
3737, 0.50
3738, 0.56
3739, 0.62
3740, 0.38
3741, 0.75
3742, 0.19
3743, 0.25
3744, 0.38
3745, 0.62
3746, 0.44
3747, 0.69
3748, 0.31
3749, 0.25
3750, 0.56
3751, 0.38
3752, 0.56
3753, 0.38
3754, 0.69
3755, 0.31
3756, 0.62
3757, 0.38
3758, 0.44
3759, 0.44
3760, 0.38
3761, 0.56
3762, 0.62
3763, 0.62
3764, 0.19
3765, 0.38
3766, 0.31
3767, 0.31
3768, 0.19
3769, 0.69
3770, 0.31
3771, 0.69
3772, 0.69
3773, 0.44
3774, 0.62
3775, 0.62
3776, 0.31
3777, 0.38
3778, 0.38
3779, 0.25
3780, 0.56
3781, 0.44
3782, 0.62
3783, 0.75
3784, 0.31
3785, 0.44
3786, 0.62
3787, 0.44
3788, 0.50
3789, 0.31
3790, 0.31
3791, 0.44
3792, 0.31
3793, 0.38
3794, 0.62
3795, 0.44
3796, 0.38
3797, 0.50
3798, 0.50
3799, 0.25
3800, 0.31
3801, 0.31
3802, 0.50
3803, 0.56
3804, 0.31
3805, 0.50
3806, 0.25
3807, 0.44
3808, 0.50
3809, 0.38
3810, 0.38
3811, 0.56
3812, 0.38
3813, 0.62
3814, 0.62
3815, 0.44
3816, 0.19
3817, 0.12
3818, 0.19
3819, 0.31
3820, 0.12
3821, 0.25
3822, 0.69
3823, 0.44
3824, 0.31
3825, 0.19
3826, 0.38
3827, 0.50
3828, 0.69
3829, 0.25
3830, 0.38
3831, 0.19
3832, 0.38
3833, 0.56
3834, 0.56
3835, 0.19
3836, 1.00
3837, 0.62
3838, 0.31
3839, 0.38
3840, 0.31
3841, 0.12
3842, 0.50
3843, 0.44
3844, 0.75
3845, 0.31
3846, 0.50
3847, 0.50
3848, 0.56
3849, 0.12
3850, 0.44
3851, 0.25
3852, 0.62
3853, 0.12
3854, 0.31
3855, 0.75
3856, 0.69
3857, 0.56
3858, 0.56
3859, 0.44
3860, 0.31
3861, 0.62
3862, 0.25
3863, 0.12
3864, 0.31
3865, 0.38
3866, 0.50
3867, 0.56
3868, 0.25
3869, 0.38
3870, 0.25
3871, 0.44
3872, 0.44
3873, 0.56
3874, 0.44
3875, 0.62
3876, 0.31
3877, 0.31
3878, 0.25
3879, 0.44
3880, 0.62
3881, 0.44
3882, 0.38
3883, 0.12
3884, 0.31
3885, 0.44
3886, 0.19
3887, 0.25
3888, 0.38
3889, 0.56
3890, 0.44
3891, 0.38
3892, 0.38
3893, 0.25
3894, 0.44
3895, 0.44
3896, 0.31
3897, 0.62
3898, 0.44
3899, 0.38
3900, 0.38
3901, 0.56
3902, 0.44
3903, 0.31
3904, 0.62
3905, 0.62
3906, 0.31
3907, 0.62
3908, 0.75
3909, 0.38
3910, 0.38
3911, 0.44
3912, 0.44
3913, 0.44
3914, 0.12
3915, 0.56
3916, 0.31
3917, 0.31
3918, 0.50
3919, 0.62
3920, 0.56
3921, 0.25
3922, 0.62
3923, 0.50
3924, 0.88
3925, 0.38
3926, 0.56
3927, 0.38
3928, 0.62
3929, 0.69
3930, 0.25
3931, 0.44
3932, 0.31
3933, 0.31
3934, 0.44
3935, 0.31
3936, 0.56
3937, 0.19
3938, 0.25
3939, 0.25
3940, 0.31
3941, 0.56
3942, 0.12
3943, 0.31
3944, 0.69
3945, 0.38
3946, 0.44
3947, 0.31
3948, 0.00
3949, 0.62
3950, 0.44
3951, 0.44
3952, 0.56
3953, 0.25
3954, 0.38
3955, 0.19
3956, 0.44
3957, 0.56
3958, 0.38
3959, 0.62
3960, 0.25
3961, 0.62
3962, 0.38
3963, 0.31
3964, 0.69
3965, 0.62
3966, 0.44
3967, 0.31
3968, 0.38
3969, 0.25
3970, 0.50
3971, 0.69
3972, 0.12
3973, 0.38
3974, 0.62
3975, 0.56
3976, 0.38
3977, 0.38
3978, 0.62
3979, 0.38
3980, 0.19
3981, 0.88
3982, 0.44
3983, 0.69
3984, 0.38
3985, 0.31
3986, 0.25
3987, 0.50
3988, 0.44
3989, 0.56
3990, 0.31
3991, 0.31
3992, 0.25
3993, 0.56
3994, 0.69
3995, 0.50
3996, 0.38
3997, 0.44
3998, 0.44
3999, 0.25
4000, 0.56
4001, 0.38
4002, 0.44
4003, 0.62
4004, 0.50
4005, 0.50
4006, 0.25
4007, 0.38
4008, 0.56
4009, 0.25
4010, 0.19
4011, 0.44
4012, 0.19
4013, 0.31
4014, 0.38
4015, 0.75
4016, 0.19
4017, 0.44
4018, 0.44
4019, 0.31
4020, 0.31
4021, 0.56
4022, 0.75
4023, 0.44
4024, 0.38
4025, 0.31
4026, 0.44
4027, 0.31
4028, 0.44
4029, 0.69
4030, 0.44
4031, 0.25
4032, 0.38
4033, 0.38
4034, 0.56
4035, 0.25
4036, 0.50
4037, 0.31
4038, 0.62
4039, 0.94
4040, 0.62
4041, 0.31
4042, 0.19
4043, 0.44
4044, 0.38
4045, 0.31
4046, 0.56
4047, 0.38
4048, 0.38
4049, 0.31
4050, 0.25
4051, 0.50
4052, 0.31
4053, 0.31
4054, 0.62
4055, 0.44
4056, 0.38
4057, 0.31
4058, 0.50
4059, 0.56
4060, 0.38
4061, 0.62
4062, 0.25
4063, 0.31
4064, 0.31
4065, 0.56
4066, 0.62
4067, 0.50
4068, 0.94
4069, 0.31
4070, 0.12
4071, 0.44
4072, 0.31
4073, 0.62
4074, 0.31
4075, 0.62
4076, 0.44
4077, 0.56
4078, 0.62
4079, 0.56
4080, 0.44
4081, 0.38
4082, 0.31
4083, 0.81
4084, 0.44
4085, 0.44
4086, 0.38
4087, 0.94
4088, 0.19
4089, 0.69
4090, 0.50
4091, 0.56
4092, 0.56
4093, 0.25
4094, 0.50
4095, 0.31
4096, 0.38
4097, 0.31
4098, 0.38
4099, 0.44
4100, 0.38
4101, 0.25
4102, 0.44
4103, 0.44
4104, 0.25
4105, 0.50
4106, 0.69
4107, 0.31
4108, 0.69
4109, 0.38
4110, 0.62
4111, 0.62
4112, 0.75
4113, 0.44
4114, 0.38
4115, 0.38
4116, 0.44
4117, 0.62
4118, 0.31
4119, 0.25
4120, 0.62
4121, 0.25
4122, 0.44
4123, 0.12
4124, 0.31
4125, 0.56
4126, 0.38
4127, 0.38
4128, 0.38
4129, 0.50
4130, 0.44
4131, 0.31
4132, 0.56
4133, 0.44
4134, 0.44
4135, 0.31
4136, 0.38
4137, 0.69
4138, 0.44
4139, 0.31
4140, 0.50
4141, 0.62
4142, 0.38
4143, 0.50
4144, 0.38
4145, 0.50
4146, 0.62
4147, 0.25
4148, 0.25
4149, 0.19
4150, 0.56
4151, 0.44
4152, 0.56
4153, 0.38
4154, 0.56
4155, 0.69
4156, 0.44
4157, 0.56
4158, 0.56
4159, 0.44
4160, 0.38
4161, 0.38
4162, 0.31
4163, 0.25
4164, 0.31
4165, 0.44
4166, 0.56
4167, 0.38
4168, 0.31
4169, 0.50
4170, 0.56
4171, 0.56
4172, 0.25
4173, 0.31
4174, 0.12
4175, 0.38
4176, 0.69
4177, 0.69
4178, 0.69
4179, 0.62
4180, 0.44
4181, 0.25
4182, 0.50
4183, 0.31
4184, 0.44
4185, 0.25
4186, 0.38
4187, 0.38
4188, 0.62
4189, 0.50
4190, 0.56
4191, 0.50
4192, 0.44
4193, 0.69
4194, 0.12
4195, 0.44
4196, 0.50
4197, 0.56
4198, 0.44
4199, 0.38
4200, 0.62
4201, 0.25
4202, 0.44
4203, 0.38
4204, 0.44
4205, 0.50
4206, 0.25
4207, 0.25
4208, 0.44
4209, 0.25
4210, 0.31
4211, 0.38
4212, 0.44
4213, 0.69
4214, 0.19
4215, 0.38
4216, 0.62
4217, 0.19
4218, 0.56
4219, 0.44
4220, 0.31
4221, 0.56
4222, 0.25
4223, 0.19
4224, 0.50
4225, 0.50
4226, 0.31
4227, 0.31
4228, 0.38
4229, 0.31
4230, 0.62
4231, 0.50
4232, 0.50
4233, 0.31
4234, 0.12
4235, 0.56
4236, 0.44
4237, 0.38
4238, 0.38
4239, 0.62
4240, 0.31
4241, 0.56
4242, 0.69
4243, 0.56
4244, 0.50
4245, 0.25
4246, 0.38
4247, 0.69
4248, 0.31
4249, 0.75
4250, 0.25
4251, 0.62
4252, 0.62
4253, 0.31
4254, 0.25
4255, 0.69
4256, 0.56
4257, 0.38
4258, 0.44
4259, 0.56
4260, 0.44
4261, 0.50
4262, 0.19
4263, 0.19
4264, 0.19
4265, 0.44
4266, 0.62
4267, 0.50
4268, 0.62
4269, 0.31
4270, 0.50
4271, 0.69
4272, 0.25
4273, 0.44
4274, 0.50
4275, 0.50
4276, 0.69
4277, 0.19
4278, 0.38
4279, 0.31
4280, 0.38
4281, 0.38
4282, 0.56
4283, 0.44
4284, 0.38
4285, 0.69
4286, 0.69
4287, 0.56
4288, 0.38
4289, 0.50
4290, 0.38
4291, 0.56
4292, 0.50
4293, 0.31
4294, 0.62
4295, 0.50
4296, 0.38
4297, 0.38
4298, 0.25
4299, 0.38
4300, 0.25
4301, 0.38
4302, 0.38
4303, 0.50
4304, 0.31
4305, 0.62
4306, 0.25
4307, 0.62
4308, 0.62
4309, 0.56
4310, 0.50
4311, 0.25
4312, 0.19
4313, 0.62
4314, 0.75
4315, 0.56
4316, 0.25
4317, 0.06
4318, 0.31
4319, 0.12
4320, 0.69
4321, 0.75
4322, 0.44
4323, 0.94
4324, 0.50
4325, 0.50
4326, 0.25
4327, 0.50
4328, 0.75
4329, 0.50
4330, 0.19
4331, 0.56
4332, 0.56
4333, 0.81
4334, 0.31
4335, 0.44
4336, 0.38
4337, 0.25
4338, 0.62
4339, 0.69
4340, 0.62
4341, 0.56
4342, 0.50
4343, 0.31
4344, 0.44
4345, 0.50
4346, 0.38
4347, 0.31
4348, 0.31
4349, 0.44
4350, 0.19
4351, 0.44
4352, 0.12
4353, 0.56
4354, 0.19
4355, 0.56
4356, 0.50
4357, 0.69
4358, 0.38
4359, 0.44
4360, 0.31
4361, 0.44
4362, 0.44
4363, 0.38
4364, 0.50
4365, 0.94
4366, 0.50
4367, 0.50
4368, 0.62
4369, 0.56
4370, 0.44
4371, 0.50
4372, 0.38
4373, 0.19
4374, 0.38
4375, 0.31
4376, 0.56
4377, 0.44
4378, 0.31
4379, 0.25
4380, 0.19
4381, 0.44
4382, 0.31
4383, 0.62
4384, 0.44
4385, 0.38
4386, 0.44
4387, 0.75
4388, 0.88
4389, 0.25
4390, 0.25
4391, 0.38
4392, 0.38
4393, 0.19
4394, 0.50
4395, 0.38
4396, 0.25
4397, 0.25
4398, 0.38
4399, 0.50
4400, 0.69
4401, 0.19
4402, 0.56
4403, 0.38
4404, 0.31
4405, 0.44
4406, 0.50
4407, 0.25
4408, 0.69
4409, 0.44
4410, 0.56
4411, 0.44
4412, 0.31
4413, 0.38
4414, 0.31
4415, 0.12
4416, 0.38
4417, 0.44
4418, 0.50
4419, 0.25
4420, 0.25
4421, 0.31
4422, 0.50
4423, 0.38
4424, 0.69
4425, 0.38
4426, 0.38
4427, 0.12
4428, 0.19
4429, 0.44
4430, 0.44
4431, 0.31
4432, 0.44
4433, 0.38
4434, 0.44
4435, 0.62
4436, 0.50
4437, 0.31
4438, 0.62
4439, 0.62
4440, 0.62
4441, 0.44
4442, 0.25
4443, 0.31
4444, 0.06
4445, 0.62
4446, 0.25
4447, 0.62
4448, 0.62
4449, 0.12
4450, 0.31
4451, 0.31
4452, 0.44
4453, 0.31
4454, 0.44
4455, 0.19
4456, 0.56
4457, 0.38
4458, 0.81
4459, 0.38
4460, 0.12
4461, 0.25
4462, 0.19
4463, 0.31
4464, 0.31
4465, 0.44
4466, 0.38
4467, 0.25
4468, 0.38
4469, 0.62
4470, 0.50
4471, 0.19
4472, 0.25
4473, 0.31
4474, 0.31
4475, 0.50
4476, 0.69
4477, 0.56
4478, 0.62
4479, 0.31
4480, 0.38
4481, 0.69
4482, 0.25
4483, 0.44
4484, 0.44
4485, 0.31
4486, 0.38
4487, 0.44
4488, 0.38
4489, 0.25
4490, 0.69
4491, 0.44
4492, 0.31
4493, 0.38
4494, 0.25
4495, 0.69
4496, 0.31
4497, 0.38
4498, 0.75
4499, 0.38
4500, 0.38
4501, 0.44
4502, 0.69
4503, 0.31
4504, 0.44
4505, 0.38
4506, 0.38
4507, 0.12
4508, 0.50
4509, 0.38
4510, 0.56
4511, 0.31
4512, 0.56
4513, 0.56
4514, 0.38
4515, 0.62
4516, 0.56
4517, 0.69
4518, 0.75
4519, 0.19
4520, 0.50
4521, 0.38
4522, 0.31
4523, 0.69
4524, 0.56
4525, 0.12
4526, 0.38
4527, 0.81
4528, 0.44
4529, 0.50
4530, 0.44
4531, 0.38
4532, 0.38
4533, 0.44
4534, 0.62
4535, 0.62
4536, 0.44
4537, 0.50
4538, 0.62
4539, 0.19
4540, 0.44
4541, 0.44
4542, 0.38
4543, 0.12
4544, 0.31
4545, 0.69
4546, 0.25
4547, 0.38
4548, 0.62
4549, 0.44
4550, 0.50
4551, 0.50
4552, 0.12
4553, 0.69
4554, 0.56
4555, 0.38
4556, 0.56
4557, 0.50
4558, 0.50
4559, 0.44
4560, 0.25
4561, 0.38
4562, 0.50
4563, 0.31
4564, 0.62
4565, 0.38
4566, 0.44
4567, 0.50
4568, 0.44
4569, 0.69
4570, 0.31
4571, 0.25
4572, 0.50
4573, 0.38
4574, 0.50
4575, 0.88
4576, 0.50
4577, 0.31
4578, 0.19
4579, 0.25
4580, 0.31
4581, 0.50
4582, 0.25
4583, 0.50
4584, 0.38
4585, 0.62
4586, 0.50
4587, 0.69
4588, 0.62
4589, 0.38
4590, 0.31
4591, 0.44
4592, 0.25
4593, 0.56
4594, 0.50
4595, 0.75
4596, 0.50
4597, 0.38
4598, 0.44
4599, 0.25
4600, 0.44
4601, 0.25
4602, 0.69
4603, 0.38
4604, 0.44
4605, 0.38
4606, 0.25
4607, 0.31
4608, 0.44
4609, 0.25
4610, 0.38
4611, 0.62
4612, 0.62
4613, 0.25
4614, 0.38
4615, 0.06
4616, 0.31
4617, 0.69
4618, 0.50
4619, 0.12
4620, 0.56
4621, 0.62
4622, 0.69
4623, 0.50
4624, 0.56
4625, 0.44
4626, 0.75
4627, 0.19
4628, 0.31
4629, 0.44
4630, 0.56
4631, 0.25
4632, 0.38
4633, 0.19
4634, 0.50
4635, 0.50
4636, 0.69
4637, 0.25
4638, 0.56
4639, 0.62
4640, 0.44
4641, 0.31
4642, 0.25
4643, 0.38
4644, 0.25
4645, 0.25
4646, 0.25
4647, 0.44
4648, 0.50
4649, 0.44
4650, 0.31
4651, 0.44
4652, 0.38
4653, 0.38
4654, 0.62
4655, 0.38
4656, 0.38
4657, 0.38
4658, 0.19
4659, 0.25
4660, 0.31
4661, 0.56
4662, 0.25
4663, 0.38
4664, 0.69
4665, 0.38
4666, 0.38
4667, 0.69
4668, 0.25
4669, 0.44
4670, 0.69
4671, 0.75
4672, 0.44
4673, 0.31
4674, 0.62
4675, 0.44
4676, 0.31
4677, 0.44
4678, 0.31
4679, 0.25
4680, 0.62
4681, 0.69
4682, 0.62
4683, 0.62
4684, 0.94
4685, 0.31
4686, 0.38
4687, 0.31
4688, 0.19
4689, 0.62
4690, 0.62
4691, 0.62
4692, 0.69
4693, 0.50
4694, 0.69
4695, 0.44
4696, 0.38
4697, 0.56
4698, 0.25
4699, 0.38
4700, 0.31
4701, 0.56
4702, 0.56
4703, 0.50
4704, 0.31
4705, 0.25
4706, 0.62
4707, 0.25
4708, 0.56
4709, 0.38
4710, 0.25
4711, 0.19
4712, 0.38
4713, 0.44
4714, 0.44
4715, 0.25
4716, 0.62
4717, 0.44
4718, 0.50
4719, 0.94
4720, 0.38
4721, 0.38
4722, 0.44
4723, 0.44
4724, 0.44
4725, 0.38
4726, 0.44
4727, 0.62
4728, 0.38
4729, 0.31
4730, 0.50
4731, 0.44
4732, 0.31
4733, 0.31
4734, 0.38
4735, 0.12
4736, 0.44
4737, 0.38
4738, 0.44
4739, 0.44
4740, 0.38
4741, 0.44
4742, 0.25
4743, 0.31
4744, 0.50
4745, 0.06
4746, 0.25
4747, 0.31
4748, 0.25
4749, 0.62
4750, 0.56
4751, 0.62
4752, 0.25
4753, 0.56
4754, 0.56
4755, 0.62
4756, 0.50
4757, 0.38
4758, 0.44
4759, 0.38
4760, 0.75
4761, 0.56
4762, 0.69
4763, 0.31
4764, 0.44
4765, 0.62
4766, 0.38
4767, 0.44
4768, 0.56
4769, 0.44
4770, 0.56
4771, 0.69
4772, 0.25
4773, 0.69
4774, 0.62
4775, 0.38
4776, 0.38
4777, 0.31
4778, 0.62
4779, 0.25
4780, 0.31
4781, 0.31
4782, 0.12
4783, 0.56
4784, 0.50
4785, 0.75
4786, 0.94
4787, 0.50
4788, 0.44
4789, 0.44
4790, 0.56
4791, 0.38
4792, 0.56
4793, 0.44
4794, 0.31
4795, 0.56
4796, 0.94
4797, 0.50
4798, 0.50
4799, 0.25
4800, 0.38
4801, 0.62
4802, 0.38
4803, 0.19
4804, 0.31
4805, 0.50
4806, 0.25
4807, 0.56
4808, 0.25
4809, 0.31
4810, 0.56
4811, 0.25
4812, 0.44
4813, 0.19
4814, 0.12
4815, 0.44
4816, 0.44
4817, 0.50
4818, 0.31
4819, 0.31
4820, 0.50
4821, 0.25
4822, 0.38
4823, 0.31
4824, 0.50
4825, 0.38
4826, 0.44
4827, 0.38
4828, 0.56
4829, 0.69
4830, 0.44
4831, 0.50
4832, 0.19
4833, 0.62
4834, 0.38
4835, 0.31
4836, 0.25
4837, 0.44
4838, 0.19
4839, 0.19
4840, 0.62
4841, 0.62
4842, 0.25
4843, 0.38
4844, 0.62
4845, 0.56
4846, 0.69
4847, 0.62
4848, 0.56
4849, 0.25
4850, 0.50
4851, 0.12
4852, 0.75
4853, 0.38
4854, 0.19
4855, 0.25
4856, 0.25
4857, 0.44
4858, 0.31
4859, 0.38
4860, 0.38
4861, 0.19
4862, 0.44
4863, 0.50
4864, 0.69
4865, 0.31
4866, 0.44
4867, 0.38
4868, 0.19
4869, 0.19
4870, 0.69
4871, 0.75
4872, 0.62
4873, 0.31
4874, 0.69
4875, 0.62
4876, 0.56
4877, 0.62
4878, 0.19
4879, 0.44
4880, 0.50
4881, 0.25
4882, 0.50
4883, 0.31
4884, 0.31
4885, 0.44
4886, 0.62
4887, 0.44
4888, 0.62
4889, 0.56
4890, 0.38
4891, 0.50
4892, 0.19
4893, 0.75
4894, 0.25
4895, 0.31
4896, 0.56
4897, 0.62
4898, 0.31
4899, 0.31
4900, 0.75
4901, 0.25
4902, 0.31
4903, 0.50
4904, 0.62
4905, 0.56
4906, 0.94
4907, 0.44
4908, 0.31
4909, 0.62
4910, 0.38
4911, 0.38
4912, 0.69
4913, 0.56
4914, 0.50
4915, 0.44
4916, 0.62
4917, 0.25
4918, 0.31
4919, 0.19
4920, 0.44
4921, 0.50
4922, 0.75
4923, 1.00
4924, 0.31
4925, 0.25
4926, 0.31
4927, 0.62
4928, 0.31
4929, 0.62
4930, 0.69
4931, 0.50
4932, 0.31
4933, 0.44
4934, 0.50
4935, 0.38
4936, 0.56
4937, 0.50
4938, 0.25
4939, 0.38
4940, 0.31
4941, 0.50
4942, 0.50
4943, 0.44
4944, 0.62
4945, 0.44
4946, 0.62
4947, 0.56
4948, 0.50
4949, 0.75
4950, 0.44
4951, 0.38
4952, 0.44
4953, 0.25
4954, 0.19
4955, 0.44
4956, 0.75
4957, 0.50
4958, 0.69
4959, 0.38
4960, 0.38
4961, 0.62
4962, 0.38
4963, 0.19
4964, 0.50
4965, 0.25
4966, 0.25
4967, 0.38
4968, 0.56
4969, 0.62
4970, 0.12
4971, 0.56
4972, 0.44
4973, 0.44
4974, 0.56
4975, 0.62
4976, 0.25
4977, 0.12
4978, 0.38
4979, 0.44
4980, 0.69
4981, 0.56
4982, 0.50
4983, 0.62
4984, 0.38
4985, 0.56
4986, 0.50
4987, 0.38
4988, 0.56
4989, 0.44
4990, 0.38
4991, 0.50
4992, 0.12
4993, 0.25
4994, 0.44
4995, 0.62
4996, 0.25
4997, 0.25
4998, 0.31
4999, 0.31
5000, 0.94
5001, 0.25
5002, 0.25
5003, 0.56
5004, 0.31
5005, 0.19
5006, 0.44
5007, 0.31
5008, 0.31
5009, 0.56
5010, 0.50
5011, 0.19
5012, 0.31
5013, 0.38
5014, 0.44
5015, 0.19
5016, 0.12
5017, 0.56
5018, 0.50
5019, 0.50
5020, 0.31
5021, 0.50
5022, 0.50
5023, 0.75
5024, 0.25
5025, 0.62
5026, 0.62
5027, 0.38
5028, 0.44
5029, 0.12
5030, 0.38
5031, 0.44
5032, 0.44
5033, 0.25
5034, 0.31
5035, 0.50
5036, 0.44
5037, 0.38
5038, 0.38
5039, 0.50
5040, 0.38
5041, 0.44
5042, 0.31
5043, 0.19
5044, 0.50
5045, 0.38
5046, 0.31
5047, 0.38
5048, 0.62
5049, 0.38
5050, 0.25
5051, 0.19
5052, 0.31
5053, 0.75
5054, 0.31
5055, 0.25
5056, 0.38
5057, 0.38
5058, 0.25
5059, 0.56
5060, 0.69
5061, 0.19
5062, 0.69
5063, 0.44
5064, 0.50
5065, 0.31
5066, 0.38
5067, 0.50
5068, 0.75
5069, 0.62
5070, 0.56
5071, 0.62
5072, 0.25
5073, 0.69
5074, 0.25
5075, 0.44
5076, 0.31
5077, 0.38
5078, 0.94
5079, 0.94
5080, 0.62
5081, 0.25
5082, 0.25
5083, 0.44
5084, 0.44
5085, 0.69
5086, 0.44
5087, 0.50
5088, 0.75
5089, 0.69
5090, 0.38
5091, 0.44
5092, 0.38
5093, 0.44
5094, 0.44
5095, 0.62
5096, 0.38
5097, 0.25
5098, 0.44
5099, 0.25
5100, 0.31
5101, 0.38
5102, 0.25
5103, 0.31
5104, 0.50
5105, 0.56
5106, 0.25
5107, 0.44
5108, 0.50
5109, 0.56
5110, 0.12
5111, 0.44
5112, 0.25
5113, 0.38
5114, 0.25
5115, 0.50
5116, 0.44
5117, 0.62
5118, 0.44
5119, 0.44
5120, 0.38
5121, 0.56
5122, 0.06
5123, 0.31
5124, 0.31
5125, 0.31
5126, 0.38
5127, 0.31
5128, 0.38
5129, 0.44
5130, 0.50
5131, 0.06
5132, 0.69
5133, 0.56
5134, 0.56
5135, 0.50
5136, 0.38
5137, 0.19
5138, 0.69
5139, 0.31
5140, 0.50
5141, 0.50
5142, 0.75
5143, 0.25
5144, 0.31
5145, 0.38
5146, 0.19
5147, 0.31
5148, 0.62
5149, 0.44
5150, 0.38
5151, 0.56
5152, 0.19
5153, 0.50
5154, 0.56
5155, 0.38
5156, 0.38
5157, 0.38
5158, 0.38
5159, 0.50
5160, 0.31
5161, 0.56
5162, 0.38
5163, 0.44
5164, 0.44
5165, 0.62
5166, 0.38
5167, 0.31
5168, 0.44
5169, 0.50
5170, 0.38
5171, 0.62
5172, 0.75
5173, 0.25
5174, 0.38
5175, 0.06
5176, 0.56
5177, 0.62
5178, 0.44
5179, 0.31
5180, 0.25
5181, 0.44
5182, 0.31
5183, 0.25
5184, 0.62
5185, 0.69
5186, 0.31
5187, 0.56
5188, 0.19
5189, 0.44
5190, 0.38
5191, 0.31
5192, 0.62
5193, 0.38
5194, 0.69
5195, 0.62
5196, 0.62
5197, 0.38
5198, 0.44
5199, 0.50
5200, 0.69
5201, 0.38
5202, 0.56
5203, 0.31
5204, 0.31
5205, 0.69
5206, 0.56
5207, 0.56
5208, 0.44
5209, 0.44
5210, 0.44
5211, 0.44
5212, 0.44
5213, 0.44
5214, 0.25
5215, 0.56
5216, 0.31
5217, 0.69
5218, 0.31
5219, 0.31
5220, 0.56
5221, 0.38
5222, 0.38
5223, 0.56
5224, 0.38
5225, 0.50
5226, 0.44
5227, 0.31
5228, 0.31
5229, 0.31
5230, 0.19
5231, 0.06
5232, 0.31
5233, 0.50
5234, 0.31
5235, 0.62
5236, 0.44
5237, 0.56
5238, 0.31
5239, 0.31
5240, 0.56
5241, 1.00
5242, 0.31
5243, 0.56
5244, 0.56
5245, 0.38
5246, 0.69
5247, 0.62
5248, 0.38
5249, 0.44
5250, 0.50
5251, 0.38
5252, 0.31
5253, 0.31
5254, 0.19
5255, 0.50
5256, 0.25
5257, 0.06
5258, 0.38
5259, 0.44
5260, 0.62
5261, 0.62
5262, 0.38
5263, 0.50
5264, 0.25
5265, 0.56
5266, 0.38
5267, 0.94
5268, 0.31
5269, 0.50
5270, 0.12
5271, 0.31
5272, 0.62
5273, 0.38
5274, 0.69
5275, 0.81
5276, 0.38
5277, 0.44
5278, 0.56
5279, 0.50
5280, 0.50
5281, 0.69
5282, 0.50
5283, 0.62
5284, 0.69
5285, 0.50
5286, 0.31
5287, 0.38
5288, 0.62
5289, 0.56
5290, 0.56
5291, 0.44
5292, 0.50
5293, 0.50
5294, 0.12
5295, 0.19
5296, 0.00
5297, 0.62
5298, 0.44
5299, 0.69
5300, 0.38
5301, 0.25
5302, 0.31
5303, 0.75
5304, 0.44
5305, 0.12
5306, 0.50
5307, 0.44
5308, 0.44
5309, 0.62
5310, 0.38
5311, 0.25
5312, 0.44
5313, 0.50
5314, 0.88
5315, 0.62
5316, 0.38
5317, 0.19
5318, 0.56
5319, 0.69
5320, 0.69
5321, 0.38
5322, 0.50
5323, 0.44
5324, 0.56
5325, 0.56
5326, 0.19
5327, 0.44
5328, 0.56
5329, 0.19
5330, 0.25
5331, 0.31
5332, 0.31
5333, 0.38
5334, 0.44
5335, 0.50
5336, 0.50
5337, 0.69
5338, 0.44
5339, 0.62
5340, 0.19
5341, 0.50
5342, 0.31
5343, 0.31
5344, 0.56
5345, 0.44
5346, 0.31
5347, 0.56
5348, 0.31
5349, 0.44
5350, 0.50
5351, 0.56
5352, 0.38
5353, 0.31
5354, 0.38
5355, 0.62
5356, 0.94
5357, 0.44
5358, 0.38
5359, 0.31
5360, 0.38
5361, 0.69
5362, 0.62
5363, 0.38
5364, 0.38
5365, 0.38
5366, 0.44
5367, 0.69
5368, 0.19
5369, 0.44
5370, 0.75
5371, 0.12
5372, 0.25
5373, 0.38
5374, 0.44
5375, 0.75
5376, 0.25
5377, 0.31
5378, 0.38
5379, 0.38
5380, 0.50
5381, 0.25
5382, 0.25
5383, 0.38
5384, 0.38
5385, 0.31
5386, 0.25
5387, 0.44
5388, 0.25
5389, 0.19
5390, 0.38
5391, 0.62
5392, 0.44
5393, 0.44
5394, 0.69
5395, 0.38
5396, 0.81
5397, 0.31
5398, 0.56
5399, 0.44
5400, 0.12
5401, 0.75
5402, 0.44
5403, 0.31
5404, 0.19
5405, 0.31
5406, 0.25
5407, 0.38
5408, 0.50
5409, 0.38
5410, 0.38
5411, 0.12
5412, 0.44
5413, 0.38
5414, 0.31
5415, 0.56
5416, 0.75
5417, 0.38
5418, 0.38
5419, 0.62
5420, 0.56
5421, 0.44
5422, 0.31
5423, 0.62
5424, 0.38
5425, 0.44
5426, 0.50
5427, 0.25
5428, 0.38
5429, 0.50
5430, 0.25
5431, 0.56
5432, 0.56
5433, 0.31
5434, 0.75
5435, 0.31
5436, 0.38
5437, 0.75
5438, 0.50
5439, 0.25
5440, 0.25
5441, 0.62
5442, 0.44
5443, 0.69
5444, 0.62
5445, 0.38
5446, 0.69
5447, 0.38
5448, 0.56
5449, 0.19
5450, 0.25
5451, 0.31
5452, 0.31
5453, 0.69
5454, 0.50
5455, 0.31
5456, 0.44
5457, 0.69
5458, 0.31
5459, 0.75
5460, 0.31
5461, 0.62
5462, 0.38
5463, 0.44
5464, 0.62
5465, 0.62
5466, 0.31
5467, 0.50
5468, 0.44
5469, 0.31
5470, 0.44
5471, 0.62
5472, 0.38
5473, 0.50
5474, 0.69
5475, 0.38
5476, 0.62
5477, 0.62
5478, 0.38
5479, 0.62
5480, 0.31
5481, 0.50
5482, 0.19
5483, 0.25
5484, 0.31
5485, 0.25
5486, 0.44
5487, 0.62
5488, 0.12
5489, 0.38
5490, 0.62
5491, 0.38
5492, 0.88
5493, 0.50
5494, 0.44
5495, 0.25
5496, 0.62
5497, 0.44
5498, 0.38
5499, 0.44
5500, 0.75
5501, 0.31
5502, 0.62
5503, 0.38
5504, 0.25
5505, 0.50
5506, 0.56
5507, 0.31
5508, 0.25
5509, 0.44
5510, 0.44
5511, 0.50
5512, 0.44
5513, 0.62
5514, 1.00
5515, 0.50
5516, 0.56
5517, 0.62
5518, 0.31
5519, 0.38
5520, 0.81
5521, 0.25
5522, 0.25
5523, 0.25
5524, 0.94
5525, 0.31
5526, 0.25
5527, 0.44
5528, 0.31
5529, 0.44
5530, 0.31
5531, 0.19
5532, 0.69
5533, 0.44
5534, 0.44
5535, 0.44
5536, 0.56
5537, 0.38
5538, 0.56
5539, 0.19
5540, 0.31
5541, 0.06
5542, 0.62
5543, 0.38
5544, 0.69
5545, 0.31
5546, 0.44
5547, 0.12
5548, 0.31
5549, 0.31
5550, 0.31
5551, 0.31
5552, 0.31
5553, 0.38
5554, 0.69
5555, 0.25
5556, 0.69
5557, 0.62
5558, 0.38
5559, 0.44
5560, 0.69
5561, 0.31
5562, 0.38
5563, 0.44
5564, 0.38
5565, 0.38
5566, 0.25
5567, 0.56
5568, 0.44
5569, 0.44
5570, 0.44
5571, 0.50
5572, 0.56
5573, 0.75
5574, 0.44
5575, 0.38
5576, 0.56
5577, 0.38
5578, 0.31
5579, 0.19
5580, 0.38
5581, 0.31
5582, 0.31
5583, 0.25
5584, 0.69
5585, 0.44
5586, 0.44
5587, 0.50
5588, 0.56
5589, 0.69
5590, 0.44
5591, 0.62
5592, 0.38
5593, 0.56
5594, 0.62
5595, 0.50
5596, 0.19
5597, 0.25
5598, 0.38
5599, 0.94
5600, 0.56
5601, 0.25
5602, 0.56
5603, 0.19
5604, 0.44
5605, 0.56
5606, 0.06
5607, 0.38
5608, 0.19
5609, 0.12
5610, 0.19
5611, 0.25
5612, 0.62
5613, 0.50
5614, 0.44
5615, 0.12
5616, 0.56
5617, 0.12
5618, 0.56
5619, 0.44
5620, 0.44
5621, 0.69
5622, 0.25
5623, 0.44
5624, 0.31
5625, 0.38
5626, 0.25
5627, 0.62
5628, 0.50
5629, 0.25
5630, 0.31
5631, 0.56
5632, 0.44
5633, 0.94
5634, 0.50
5635, 0.62
5636, 0.12
5637, 0.19
5638, 0.31
5639, 0.25
5640, 0.25
5641, 0.19
5642, 0.38
5643, 0.31
5644, 0.56
5645, 0.31
5646, 0.38
5647, 0.56
5648, 0.38
5649, 0.25
5650, 0.38
5651, 0.25
5652, 0.62
5653, 0.06
5654, 0.50
5655, 0.62
5656, 0.19
5657, 0.25
5658, 0.62
5659, 0.31
5660, 0.44
5661, 0.38
5662, 0.94
5663, 0.38
5664, 0.50
5665, 0.38
5666, 0.75
5667, 0.31
5668, 0.62
5669, 0.31
5670, 0.25
5671, 0.38
5672, 0.31
5673, 0.38
5674, 0.69
5675, 0.81
5676, 0.31
5677, 0.50
5678, 0.25
5679, 0.44
5680, 0.19
5681, 0.31
5682, 0.44
5683, 0.25
5684, 0.62
5685, 0.62
5686, 0.69
5687, 0.94
5688, 0.94
5689, 0.44
5690, 0.19
5691, 0.44
5692, 0.50
5693, 0.25
5694, 0.50
5695, 0.19
5696, 0.06
5697, 0.31
5698, 0.38
5699, 0.56
5700, 0.19
5701, 0.69
5702, 0.38
5703, 0.62
5704, 0.62
5705, 0.44
5706, 0.88
5707, 0.19
5708, 0.25
5709, 0.50
5710, 0.44
5711, 0.38
5712, 0.44
5713, 0.31
5714, 0.25
5715, 0.69
5716, 0.25
5717, 0.44
5718, 0.25
5719, 0.31
5720, 0.56
5721, 0.38
5722, 0.25
5723, 0.19
5724, 0.12
5725, 0.31
5726, 0.56
5727, 0.19
5728, 0.31
5729, 0.12
5730, 0.44
5731, 0.38
5732, 0.25
5733, 0.44
5734, 0.56
5735, 0.19
5736, 0.56
5737, 0.69
5738, 0.38
5739, 0.31
5740, 0.31
5741, 0.62
5742, 0.50
5743, 0.31
5744, 0.62
5745, 0.38
5746, 0.44
5747, 0.44
5748, 0.19
5749, 0.94
5750, 0.50
5751, 0.94
5752, 0.44
5753, 0.25
5754, 0.44
5755, 0.56
5756, 0.56
5757, 0.44
5758, 0.31
5759, 0.25
5760, 0.12
5761, 0.44
5762, 0.50
5763, 0.62
5764, 0.44
5765, 0.50
5766, 0.50
5767, 0.38
5768, 0.44
5769, 0.75
5770, 0.56
5771, 0.38
5772, 0.50
5773, 0.44
5774, 0.44
5775, 0.31
5776, 0.56
5777, 0.38
5778, 0.25
5779, 0.56
5780, 0.50
5781, 0.38
5782, 0.56
5783, 0.31
5784, 0.38
5785, 0.38
5786, 0.69
5787, 0.56
5788, 0.38
5789, 0.19
5790, 0.62
5791, 0.25
5792, 0.44
5793, 0.38
5794, 0.50
5795, 0.25
5796, 0.25
5797, 0.25
5798, 0.38
5799, 0.44
5800, 0.06
5801, 0.38
5802, 0.38
5803, 0.31
5804, 0.62
5805, 0.69
5806, 0.25
5807, 0.44
5808, 0.38
5809, 0.44
5810, 0.25
5811, 0.44
5812, 0.25
5813, 0.69
5814, 0.56
5815, 0.12
5816, 0.56
5817, 0.56
5818, 1.00
5819, 0.31
5820, 0.56
5821, 0.25
5822, 0.38
5823, 0.44
5824, 0.50
5825, 0.62
5826, 0.75
5827, 0.44
5828, 0.44
5829, 0.50
5830, 0.25
5831, 0.56
5832, 0.25
5833, 0.56
5834, 0.31
5835, 0.19
5836, 0.06
5837, 0.44
5838, 0.69
5839, 0.69
5840, 0.38
5841, 0.44
5842, 0.50
5843, 0.31
5844, 0.06
5845, 0.62
5846, 0.44
5847, 0.69
5848, 0.56
5849, 0.19
5850, 0.44
5851, 0.31
5852, 0.62
5853, 0.56
5854, 0.25
5855, 0.44
5856, 0.12
5857, 0.50
5858, 0.50
5859, 0.06
5860, 0.12
5861, 0.31
5862, 0.44
5863, 0.50
5864, 0.62
5865, 0.44
5866, 0.62
5867, 0.50
5868, 0.44
5869, 0.19
5870, 0.44
5871, 0.56
5872, 0.31
5873, 0.62
5874, 0.44
5875, 0.44
5876, 0.38
5877, 0.56
5878, 0.56
5879, 0.56
5880, 0.56
5881, 0.31
5882, 0.25
5883, 0.62
5884, 0.44
5885, 0.62
5886, 0.38
5887, 0.25
5888, 0.44
5889, 0.38
5890, 0.31
5891, 0.31
5892, 0.56
5893, 0.31
5894, 0.31
5895, 0.44
5896, 0.50
5897, 0.62
5898, 0.56
5899, 0.31
5900, 0.50
5901, 0.38
5902, 0.38
5903, 0.50
5904, 0.19
5905, 0.38
5906, 0.44
5907, 0.44
5908, 0.62
5909, 0.56
5910, 0.69
5911, 0.19
5912, 0.44
5913, 0.62
5914, 0.50
5915, 0.50
5916, 0.44
5917, 0.44
5918, 0.69
5919, 0.31
5920, 0.44
5921, 0.38
5922, 0.50
5923, 0.69
5924, 0.19
5925, 0.56
5926, 0.62
5927, 0.19
5928, 0.31
5929, 0.31
5930, 0.44
5931, 0.25
5932, 0.69
5933, 1.00
5934, 0.38
5935, 0.25
5936, 0.38
5937, 0.50
5938, 0.50
5939, 0.12
5940, 0.12
5941, 0.69
5942, 0.38
5943, 0.12
5944, 0.94
5945, 0.69
5946, 0.31
5947, 0.44
5948, 0.25
5949, 0.31
5950, 0.31
5951, 0.25
5952, 0.38
5953, 0.19
5954, 0.75
5955, 0.25
5956, 0.44
5957, 0.31
5958, 0.19
5959, 0.56
5960, 0.44
5961, 0.56
5962, 0.31
5963, 0.31
5964, 0.38
5965, 0.50
5966, 0.62
5967, 0.31
5968, 0.31
5969, 0.25
5970, 0.44
5971, 0.50
5972, 0.62
5973, 0.38
5974, 0.56
5975, 0.25
5976, 0.00
5977, 0.12
5978, 0.19
5979, 0.19
5980, 0.62
5981, 0.44
5982, 0.44
5983, 0.50
5984, 0.25
5985, 0.19
5986, 0.62
5987, 0.44
5988, 0.62
5989, 0.38
5990, 0.62
5991, 0.94
5992, 0.56
5993, 0.56
5994, 0.25
5995, 0.69
5996, 0.38
5997, 0.44
5998, 0.50
5999, 0.62
6000, 0.62
6001, 0.56
6002, 0.31
6003, 0.75
6004, 0.50
6005, 0.25
6006, 0.31
6007, 0.31
6008, 0.44
6009, 0.38
6010, 0.56
6011, 0.50
6012, 0.69
6013, 0.38
6014, 0.44
6015, 0.50
6016, 0.56
6017, 0.31
6018, 0.44
6019, 0.38
6020, 0.38
6021, 0.31
6022, 0.12
6023, 0.38
6024, 0.25
6025, 0.50
6026, 0.50
6027, 0.62
6028, 0.44
6029, 0.38
6030, 0.25
6031, 0.25
6032, 0.69
6033, 0.44
6034, 0.50
6035, 0.56
6036, 0.62
6037, 0.31
6038, 0.44
6039, 0.38
6040, 0.50
6041, 0.19
6042, 0.25
6043, 0.50
6044, 0.69
6045, 0.38
6046, 0.50
6047, 0.38
6048, 0.38
6049, 0.25
6050, 0.75
6051, 0.38
6052, 0.50
6053, 0.50
6054, 0.44
6055, 0.56
6056, 0.31
6057, 0.56
6058, 0.44
6059, 0.56
6060, 0.38
6061, 0.50
6062, 0.19
6063, 0.50
6064, 0.44
6065, 0.31
6066, 0.75
6067, 0.25
6068, 0.44
6069, 0.56
6070, 0.31
6071, 0.69
6072, 0.50
6073, 0.56
6074, 0.25
6075, 0.38
6076, 0.19
6077, 0.44
6078, 0.44
6079, 0.25
6080, 0.44
6081, 0.50
6082, 0.38
6083, 0.38
6084, 0.38
6085, 0.31
6086, 0.25
6087, 0.31
6088, 0.44
6089, 0.50
6090, 0.50
6091, 0.69
6092, 0.31
6093, 0.44
6094, 0.38
6095, 0.38
6096, 0.25
6097, 0.25
6098, 0.19
6099, 0.12
6100, 0.12
6101, 0.44
6102, 0.38
6103, 0.56
6104, 0.12
6105, 0.62
6106, 0.56
6107, 0.25
6108, 0.69
6109, 0.44
6110, 0.62
6111, 0.56
6112, 0.25
6113, 0.56
6114, 0.56
6115, 0.56
6116, 0.25
6117, 0.44
6118, 0.50
6119, 0.69
6120, 0.25
6121, 0.62
6122, 0.38
6123, 0.25
6124, 0.44
6125, 0.25
6126, 0.25
6127, 0.31
6128, 0.38
6129, 0.44
6130, 0.44
6131, 0.44
6132, 0.44
6133, 0.25
6134, 0.19
6135, 0.44
6136, 0.31
6137, 0.62
6138, 0.31
6139, 1.00
6140, 0.50
6141, 0.62
6142, 0.69
6143, 0.44
6144, 0.50
6145, 0.38
6146, 0.44
6147, 0.44
6148, 0.44
6149, 0.50
6150, 0.69
6151, 0.44
6152, 0.44
6153, 0.31
6154, 0.75
6155, 0.06
6156, 0.12
6157, 0.19
6158, 0.50
6159, 0.38
6160, 0.62
6161, 0.19
6162, 0.69
6163, 0.38
6164, 0.56
6165, 0.44
6166, 0.38
6167, 0.25
6168, 0.62
6169, 0.38
6170, 0.56
6171, 0.44
6172, 0.44
6173, 0.44
6174, 0.38
6175, 0.50
6176, 0.31
6177, 0.25
6178, 0.75
6179, 0.44
6180, 0.50
6181, 0.19
6182, 0.69
6183, 0.38
6184, 0.44
6185, 0.31
6186, 0.62
6187, 0.56
6188, 0.50
6189, 0.62
6190, 0.44
6191, 0.31
6192, 0.38
6193, 0.62
6194, 0.38
6195, 0.12
6196, 0.38
6197, 0.62
6198, 0.25
6199, 0.69
6200, 0.44
6201, 0.56
6202, 0.19
6203, 0.38
6204, 0.50
6205, 0.56
6206, 0.75
6207, 0.38
6208, 0.44
6209, 0.25
6210, 0.50
6211, 0.50
6212, 0.19
6213, 0.38
6214, 0.38
6215, 0.19
6216, 0.44
6217, 0.56
6218, 0.38
6219, 0.69
6220, 0.38
6221, 0.38
6222, 0.38
6223, 0.62
6224, 0.56
6225, 0.44
6226, 0.44
6227, 0.38
6228, 0.69
6229, 0.62
6230, 0.94
6231, 0.44
6232, 0.19
6233, 0.56
6234, 0.62
6235, 0.38
6236, 0.38
6237, 0.38
6238, 0.38
6239, 0.62
6240, 0.25
6241, 0.25
6242, 0.56
6243, 0.12
6244, 0.25
6245, 0.44
6246, 0.50
6247, 0.38
6248, 0.44
6249, 0.62
6250, 0.75
6251, 0.44
6252, 0.25
6253, 0.44
6254, 0.31
6255, 0.62
6256, 0.38
6257, 0.50
6258, 0.69
6259, 0.50
6260, 0.62
6261, 0.31
6262, 0.38
6263, 0.56
6264, 0.38
6265, 0.56
6266, 0.62
6267, 0.56
6268, 0.69
6269, 0.44
6270, 0.38
6271, 0.56
6272, 0.25
6273, 0.38
6274, 0.38
6275, 0.31
6276, 0.38
6277, 0.69
6278, 0.44
6279, 0.31
6280, 0.44
6281, 0.31
6282, 0.19
6283, 0.56
6284, 0.38
6285, 0.31
6286, 0.31
6287, 0.56
6288, 0.56
6289, 0.31
6290, 0.50
6291, 0.44
6292, 0.25
6293, 0.62
6294, 0.62
6295, 0.75
6296, 0.69
6297, 0.44
6298, 0.19
6299, 0.56
6300, 0.38
6301, 0.44
6302, 0.31
6303, 0.19
6304, 0.62
6305, 0.50
6306, 0.50
6307, 0.56
6308, 0.25
6309, 0.62
6310, 0.12
6311, 0.38
6312, 0.06
6313, 0.62
6314, 0.44
6315, 0.25
6316, 0.94
6317, 0.38
6318, 0.31
6319, 0.25
6320, 0.69
6321, 0.12
6322, 0.25
6323, 0.44
6324, 0.94
6325, 0.25
6326, 0.31
6327, 0.25
6328, 0.56
6329, 0.44
6330, 0.50
6331, 0.56
6332, 0.44
6333, 0.44
6334, 0.44
6335, 0.50
6336, 0.56
6337, 0.44
6338, 0.31
6339, 0.44
6340, 0.12
6341, 0.44
6342, 0.12
6343, 0.44
6344, 0.56
6345, 0.19
6346, 0.69
6347, 0.38
6348, 0.56
6349, 0.38
6350, 0.44
6351, 0.56
6352, 0.50
6353, 0.31
6354, 0.25
6355, 0.44
6356, 0.19
6357, 0.56
6358, 0.44
6359, 0.38
6360, 0.44
6361, 0.06
6362, 0.56
6363, 0.69
6364, 0.50
6365, 0.56
6366, 0.38
6367, 0.44
6368, 0.25
6369, 0.69
6370, 0.38
6371, 0.38
6372, 0.44
6373, 0.38
6374, 0.38
6375, 0.25
6376, 0.56
6377, 0.56
6378, 0.50
6379, 0.44
6380, 0.50
6381, 0.38
6382, 0.62
6383, 0.44
6384, 0.25
6385, 0.31
6386, 0.44
6387, 0.06
6388, 0.44
6389, 0.25
6390, 0.62
6391, 0.31
6392, 0.19
6393, 0.38
6394, 0.31
6395, 0.19
6396, 0.69
6397, 0.38
6398, 0.25
6399, 0.56
6400, 0.56
6401, 0.50
6402, 0.19
6403, 0.38
6404, 0.75
6405, 0.31
6406, 0.62
6407, 0.50
6408, 0.44
6409, 0.38
6410, 0.38
6411, 0.44
6412, 0.50
6413, 0.62
6414, 0.44
6415, 0.44
6416, 0.38
6417, 0.25
6418, 0.56
6419, 0.31
6420, 0.56
6421, 0.31
6422, 0.31
6423, 0.31
6424, 0.19
6425, 0.50
6426, 0.38
6427, 0.62
6428, 0.31
6429, 0.31
6430, 0.44
6431, 0.19
6432, 0.50
6433, 0.31
6434, 0.31
6435, 0.38
6436, 0.06
6437, 0.56
6438, 0.56
6439, 0.50
6440, 0.44
6441, 0.50
6442, 0.31
6443, 0.56
6444, 0.31
6445, 0.56
6446, 0.44
6447, 0.12
6448, 0.69
6449, 0.69
6450, 0.38
6451, 0.31
6452, 0.38
6453, 0.75
6454, 0.38
6455, 0.38
6456, 0.38
6457, 0.31
6458, 0.44
6459, 0.38
6460, 0.25
6461, 0.56
6462, 0.69
6463, 0.50
6464, 0.50
6465, 0.19
6466, 0.38
6467, 0.62
6468, 0.94
6469, 0.25
6470, 0.44
6471, 0.31
6472, 0.44
6473, 0.19
6474, 0.25
6475, 0.62
6476, 0.38
6477, 0.12
6478, 0.25
6479, 0.50
6480, 0.44
6481, 0.38
6482, 0.31
6483, 0.31
6484, 0.31
6485, 0.44
6486, 0.31
6487, 0.25
6488, 0.44
6489, 0.06
6490, 0.75
6491, 0.69
6492, 0.31
6493, 0.31
6494, 0.38
6495, 0.25
6496, 0.50
6497, 0.38
6498, 0.12
6499, 0.31
6500, 0.69
6501, 0.62
6502, 0.50
6503, 0.25
6504, 0.31
6505, 0.38
6506, 0.62
6507, 0.50
6508, 0.44
6509, 0.31
6510, 0.38
6511, 0.56
6512, 0.69
6513, 0.25
6514, 0.31
6515, 0.31
6516, 0.38
6517, 0.44
6518, 0.56
6519, 0.31
6520, 0.06
6521, 0.62
6522, 0.44
6523, 0.44
6524, 0.44
6525, 0.25
6526, 0.38
6527, 0.56
6528, 0.44
6529, 0.38
6530, 0.69
6531, 0.50
6532, 0.31
6533, 0.31
6534, 0.88
6535, 0.12
6536, 0.56
6537, 0.25
6538, 0.31
6539, 0.62
6540, 0.44
6541, 0.62
6542, 0.38
6543, 0.50
6544, 0.50
6545, 0.50
6546, 0.25
6547, 0.12
6548, 0.31
6549, 0.62
6550, 0.62
6551, 0.50
6552, 0.12
6553, 0.56
6554, 0.19
6555, 0.25
6556, 0.25
6557, 0.50
6558, 0.62
6559, 0.50
6560, 0.62
6561, 0.44
6562, 0.81
6563, 0.31
6564, 0.44
6565, 0.62
6566, 0.31
6567, 0.62
6568, 0.19
6569, 0.06
6570, 0.31
6571, 0.44
6572, 0.50
6573, 0.25
6574, 0.56
6575, 0.25
6576, 0.25
6577, 0.56
6578, 0.44
6579, 0.25
6580, 0.38
6581, 0.50
6582, 0.62
6583, 0.38
6584, 0.56
6585, 0.44
6586, 0.56
6587, 0.31
6588, 0.50
6589, 0.38
6590, 0.44
6591, 0.56
6592, 0.62
6593, 0.38
6594, 0.50
6595, 0.56
6596, 0.25
6597, 0.62
6598, 0.44
6599, 0.62
6600, 0.31
6601, 0.25
6602, 0.38
6603, 0.56
6604, 0.62
6605, 0.31
6606, 0.44
6607, 0.44
6608, 0.75
6609, 0.31
6610, 0.06
6611, 0.38
6612, 0.38
6613, 0.44
6614, 0.44
6615, 0.62
6616, 0.38
6617, 0.75
6618, 0.06
6619, 0.94
6620, 0.38
6621, 0.56
6622, 0.31
6623, 0.44
6624, 0.25
6625, 0.56
6626, 0.56
6627, 0.19
6628, 0.44
6629, 0.38
6630, 0.38
6631, 0.56
6632, 0.69
6633, 0.31
6634, 0.38
6635, 0.50
6636, 0.19
6637, 0.62
6638, 0.56
6639, 0.31
6640, 0.44
6641, 0.75
6642, 0.38
6643, 0.25
6644, 0.62
6645, 0.38
6646, 0.38
6647, 0.25
6648, 0.25
6649, 0.31
6650, 0.25
6651, 0.69
6652, 0.38
6653, 0.50
6654, 0.56
6655, 0.44
6656, 0.19
6657, 0.50
6658, 0.62
6659, 0.44
6660, 0.50
6661, 0.25
6662, 0.50
6663, 0.12
6664, 0.62
6665, 0.44
6666, 0.31
6667, 0.25
6668, 0.62
6669, 0.31
6670, 0.56
6671, 0.62
6672, 0.75
6673, 0.44
6674, 0.38
6675, 0.19
6676, 0.31
6677, 0.50
6678, 0.44
6679, 0.50
6680, 0.31
6681, 0.62
6682, 0.25
6683, 0.31
6684, 0.69
6685, 0.25
6686, 0.25
6687, 0.31
6688, 0.50
6689, 0.31
6690, 0.62
6691, 0.50
6692, 0.50
6693, 0.50
6694, 0.38
6695, 0.56
6696, 0.44
6697, 0.38
6698, 0.25
6699, 0.56
6700, 0.75
6701, 0.56
6702, 0.25
6703, 0.19
6704, 0.44
6705, 0.25
6706, 0.44
6707, 0.31
6708, 0.38
6709, 0.44
6710, 0.19
6711, 0.44
6712, 0.38
6713, 0.44
6714, 0.44
6715, 0.50
6716, 0.25
6717, 0.50
6718, 0.44
6719, 0.19
6720, 0.38
6721, 0.38
6722, 0.56
6723, 0.69
6724, 0.62
6725, 0.62
6726, 0.25
6727, 0.56
6728, 0.25
6729, 0.56
6730, 0.56
6731, 0.44
6732, 0.56
6733, 0.25
6734, 0.56
6735, 0.50
6736, 0.31
6737, 0.31
6738, 0.44
6739, 0.69
6740, 0.56
6741, 0.50
6742, 0.38
6743, 0.06
6744, 0.94
6745, 0.62
6746, 0.44
6747, 0.38
6748, 0.38
6749, 0.62
6750, 0.12
6751, 0.38
6752, 0.62
6753, 0.56
6754, 0.19
6755, 0.19
6756, 0.25
6757, 0.38
6758, 0.44
6759, 0.31
6760, 0.56
6761, 0.25
6762, 0.62
6763, 0.50
6764, 0.31
6765, 0.31
6766, 0.44
6767, 0.44
6768, 0.38
6769, 0.31
6770, 0.69
6771, 0.31
6772, 0.44
6773, 0.25
6774, 0.44
6775, 0.38
6776, 0.44
6777, 0.50
6778, 0.25
6779, 0.56
6780, 0.44
6781, 0.62
6782, 0.44
6783, 0.31
6784, 0.75
6785, 0.62
6786, 0.25
6787, 0.50
6788, 0.75
6789, 0.69
6790, 0.44
6791, 0.31
6792, 0.69
6793, 0.44
6794, 0.44
6795, 0.50
6796, 0.75
6797, 0.25
6798, 0.56
6799, 0.31
6800, 0.69
6801, 0.44
6802, 0.69
6803, 0.38
6804, 0.31
6805, 0.50
6806, 0.62
6807, 0.38
6808, 0.25
6809, 0.19
6810, 0.19
6811, 0.38
6812, 0.62
6813, 0.50
6814, 0.31
6815, 0.50
6816, 0.50
6817, 0.44
6818, 0.62
6819, 0.38
6820, 0.69
6821, 0.50
6822, 0.19
6823, 0.25
6824, 0.56
6825, 0.56
6826, 0.38
6827, 0.31
6828, 0.38
6829, 0.31
6830, 0.38
6831, 0.75
6832, 0.38
6833, 0.62
6834, 0.31
6835, 0.44
6836, 0.38
6837, 0.25
6838, 0.25
6839, 0.44
6840, 0.19
6841, 0.44
6842, 0.44
6843, 0.62
6844, 0.38
6845, 0.44
6846, 0.44
6847, 0.62
6848, 0.44
6849, 0.31
6850, 0.38
6851, 0.38
6852, 0.56
6853, 0.38
6854, 0.31
6855, 0.75
6856, 0.31
6857, 0.50
6858, 0.38
6859, 0.44
6860, 0.56
6861, 0.69
6862, 0.50
6863, 0.44
6864, 0.38
6865, 0.12
6866, 0.50
6867, 0.50
6868, 0.56
6869, 0.62
6870, 0.44
6871, 0.50
6872, 0.44
6873, 0.44
6874, 0.50
6875, 0.44
6876, 0.38
6877, 0.44
6878, 0.38
6879, 0.56
6880, 0.38
6881, 0.31
6882, 0.38
6883, 0.38
6884, 0.69
6885, 0.62
6886, 0.38
6887, 0.56
6888, 0.50
6889, 0.62
6890, 0.25
6891, 0.44
6892, 0.44
6893, 0.50
6894, 0.62
6895, 0.69
6896, 0.19
6897, 0.44
6898, 0.50
6899, 0.19
6900, 0.62
6901, 0.56
6902, 0.56
6903, 0.19
6904, 0.44
6905, 0.69
6906, 0.31
6907, 0.44
6908, 0.25
6909, 0.25
6910, 0.31
6911, 0.75
6912, 0.31
6913, 0.38
6914, 0.44
6915, 0.56
6916, 0.25
6917, 0.38
6918, 0.62
6919, 0.31
6920, 0.62
6921, 0.56
6922, 0.44
6923, 0.12
6924, 0.56
6925, 0.38
6926, 0.38
6927, 0.31
6928, 0.44
6929, 0.31
6930, 0.31
6931, 0.38
6932, 0.44
6933, 0.31
6934, 0.25
6935, 0.62
6936, 0.56
6937, 0.69
6938, 0.62
6939, 0.31
6940, 0.75
6941, 0.38
6942, 0.31
6943, 0.12
6944, 0.62
6945, 0.62
6946, 0.31
6947, 0.31
6948, 0.31
6949, 0.62
6950, 0.62
6951, 0.38
6952, 0.44
6953, 0.31
6954, 0.38
6955, 0.50
6956, 0.31
6957, 0.38
6958, 0.31
6959, 0.31
6960, 0.25
6961, 0.69
6962, 0.25
6963, 0.44
6964, 0.56
6965, 0.56
6966, 0.19
6967, 0.50
6968, 0.31
6969, 0.50
6970, 0.38
6971, 0.19
6972, 0.50
6973, 0.25
6974, 0.19
6975, 0.38
6976, 0.12
6977, 0.38
6978, 0.44
6979, 0.44
6980, 0.50
6981, 0.12
6982, 0.50
6983, 0.88
6984, 0.44
6985, 0.19
6986, 0.56
6987, 0.44
6988, 0.56
6989, 0.50
6990, 0.62
6991, 0.38
6992, 0.50
6993, 0.44
6994, 0.38
6995, 0.62
6996, 0.44
6997, 0.38
6998, 0.56
6999, 0.12
7000, 0.62
7001, 0.31
7002, 0.50
7003, 0.38
7004, 0.62
7005, 0.69
7006, 0.44
7007, 0.25
7008, 0.25
7009, 0.44
7010, 0.62
7011, 0.50
7012, 0.31
7013, 0.62
7014, 0.50
7015, 0.56
7016, 0.44
7017, 0.56
7018, 0.38
7019, 0.25
7020, 0.44
7021, 0.62
7022, 0.25
7023, 0.44
7024, 0.25
7025, 0.50
7026, 0.62
7027, 0.19
7028, 0.25
7029, 0.50
7030, 0.69
7031, 0.56
7032, 0.25
7033, 0.19
7034, 0.50
7035, 0.75
7036, 0.31
7037, 0.12
7038, 0.50
7039, 0.25
7040, 0.31
7041, 0.31
7042, 0.31
7043, 0.19
7044, 0.38
7045, 0.31
7046, 0.25
7047, 0.44
7048, 0.62
7049, 0.25
7050, 0.69
7051, 0.62
7052, 0.62
7053, 0.38
7054, 0.50
7055, 0.50
7056, 0.50
7057, 0.38
7058, 0.56
7059, 0.38
7060, 0.44
7061, 0.38
7062, 0.44
7063, 0.38
7064, 0.62
7065, 0.62
7066, 0.50
7067, 0.44
7068, 0.62
7069, 0.38
7070, 0.38
7071, 0.50
7072, 0.94
7073, 0.19
7074, 0.38
7075, 0.19
7076, 0.56
7077, 0.69
7078, 0.50
7079, 0.69
7080, 0.62
7081, 0.44
7082, 0.06
7083, 0.44
7084, 0.62
7085, 0.44
7086, 0.69
7087, 0.62
7088, 0.38
7089, 0.75
7090, 0.50
7091, 0.25
7092, 0.44
7093, 0.38
7094, 0.12
7095, 0.31
7096, 0.50
7097, 0.62
7098, 0.81
7099, 0.31
7100, 0.69
7101, 0.38
7102, 0.81
7103, 0.31
7104, 0.44
7105, 0.19
7106, 0.62
7107, 0.38
7108, 0.38
7109, 0.44
7110, 0.06
7111, 0.38
7112, 0.50
7113, 0.50
7114, 0.38
7115, 0.62
7116, 0.25
7117, 0.56
7118, 0.25
7119, 0.50
7120, 0.38
7121, 0.44
7122, 0.38
7123, 0.62
7124, 0.38
7125, 0.69
7126, 0.50
7127, 0.38
7128, 0.44
7129, 0.38
7130, 0.75
7131, 0.44
7132, 0.50
7133, 0.19
7134, 0.06
7135, 0.38
7136, 0.56
7137, 0.31
7138, 0.44
7139, 0.56
7140, 0.44
7141, 0.44
7142, 0.38
7143, 0.38
7144, 0.50
7145, 0.69
7146, 0.19
7147, 0.50
7148, 0.44
7149, 0.94
7150, 0.69
7151, 0.50
7152, 0.25
7153, 0.69
7154, 0.38
7155, 0.31
7156, 0.19
7157, 0.38
7158, 0.50
7159, 0.44
7160, 0.44
7161, 0.00
7162, 0.31
7163, 0.31
7164, 0.38
7165, 0.38
7166, 0.69
7167, 0.38
7168, 0.25
7169, 0.31
7170, 0.50
7171, 0.44
7172, 0.38
7173, 0.56
7174, 0.25
7175, 0.56
7176, 0.50
7177, 0.50
7178, 0.56
7179, 0.62
7180, 0.44
7181, 0.62
7182, 0.25
7183, 0.62
7184, 0.31
7185, 0.44
7186, 0.25
7187, 0.19
7188, 0.38
7189, 0.62
7190, 0.56
7191, 0.44
7192, 0.44
7193, 0.25
7194, 0.31
7195, 0.38
7196, 0.56
7197, 0.31
7198, 0.31
7199, 0.25
7200, 0.38
7201, 0.38
7202, 0.25
7203, 0.50
7204, 0.56
7205, 0.31
7206, 0.62
7207, 0.44
7208, 0.44
7209, 0.62
7210, 0.31
7211, 0.50
7212, 0.44
7213, 0.31
7214, 0.38
7215, 0.31
7216, 0.62
7217, 0.69
7218, 0.62
7219, 0.56
7220, 0.50
7221, 0.50
7222, 0.62
7223, 0.25
7224, 0.38
7225, 0.50
7226, 0.25
7227, 0.50
7228, 0.56
7229, 0.62
7230, 0.56
7231, 0.56
7232, 0.31
7233, 0.25
7234, 0.31
7235, 0.06
7236, 0.38
7237, 0.62
7238, 0.50
7239, 0.50
7240, 0.38
7241, 0.44
7242, 0.25
7243, 0.50
7244, 0.44
7245, 0.25
7246, 0.38
7247, 0.62
7248, 0.56
7249, 0.19
7250, 0.44
7251, 0.38
7252, 0.62
7253, 0.56
7254, 0.38
7255, 0.94
7256, 0.50
7257, 0.25
7258, 0.44
7259, 0.56
7260, 0.25
7261, 0.19
7262, 0.56
7263, 0.62
7264, 0.69
7265, 0.38
7266, 0.06
7267, 0.69
7268, 0.44
7269, 0.62
7270, 0.62
7271, 0.44
7272, 0.38
7273, 0.56
7274, 0.75
7275, 0.69
7276, 0.44
7277, 0.62
7278, 0.62
7279, 0.38
7280, 0.31
7281, 0.44
7282, 0.44
7283, 0.44
7284, 0.31
7285, 0.38
7286, 0.50
7287, 0.44
7288, 0.62
7289, 0.31
7290, 0.44
7291, 0.44
7292, 0.38
7293, 0.25
7294, 0.44
7295, 0.06
7296, 0.62
7297, 0.50
7298, 0.50
7299, 0.44
7300, 0.44
7301, 0.25
7302, 0.44
7303, 0.56
7304, 0.19
7305, 0.38
7306, 0.50
7307, 0.50
7308, 0.19
7309, 0.44
7310, 0.38
7311, 0.38
7312, 0.25
7313, 0.69
7314, 0.38
7315, 0.31
7316, 0.62
7317, 0.50
7318, 0.25
7319, 0.62
7320, 0.38
7321, 0.44
7322, 0.62
7323, 0.50
7324, 0.56
7325, 0.81
7326, 0.62
7327, 0.50
7328, 0.31
7329, 0.38
7330, 0.38
7331, 0.50
7332, 0.56
7333, 0.56
7334, 0.56
7335, 0.38
7336, 0.56
7337, 0.44
7338, 0.44
7339, 0.38
7340, 0.25
7341, 0.56
7342, 0.94
7343, 0.75
7344, 0.44
7345, 0.12
7346, 0.38
7347, 0.94
7348, 0.50
7349, 0.69
7350, 0.62
7351, 0.50
7352, 0.50
7353, 0.19
7354, 0.31
7355, 0.62
7356, 0.62
7357, 0.62
7358, 0.31
7359, 0.31
7360, 0.44
7361, 0.25
7362, 0.69
7363, 0.56
7364, 0.25
7365, 0.44
7366, 0.56
7367, 0.62
7368, 0.25
7369, 0.62
7370, 0.25
7371, 0.88
7372, 0.62
7373, 0.69
7374, 0.50
7375, 0.38
7376, 0.62
7377, 0.06
7378, 0.62
7379, 0.50
7380, 0.50
7381, 0.50
7382, 0.38
7383, 0.75
7384, 0.38
7385, 0.12
7386, 0.31
7387, 0.19
7388, 0.62
7389, 0.69
7390, 0.69
7391, 0.44
7392, 0.38
7393, 0.69
7394, 1.00
7395, 0.56
7396, 0.56
7397, 0.56
7398, 0.31
7399, 0.31
7400, 0.44
7401, 0.38
7402, 0.50
7403, 0.44
7404, 0.31
7405, 0.44
7406, 0.56
7407, 0.56
7408, 0.31
7409, 0.19
7410, 0.31
7411, 0.50
7412, 0.56
7413, 0.38
7414, 0.69
7415, 0.50
7416, 0.62
7417, 0.81
7418, 0.19
7419, 0.38
7420, 0.31
7421, 0.50
