Id,Predicted
0, 0.39
1, 0.36
2, 0.52
3, 0.39
4, 0.72
5, 0.34
6, 0.50
7, 0.41
8, 0.48
9, 0.51
10, 0.48
11, 0.50
12, 0.44
13, 0.50
14, 0.73
15, 0.74
16, 0.73
17, 0.52
18, 0.51
19, 0.38
20, 0.45
21, 0.72
22, 0.48
23, 0.48
24, 0.48
25, 0.49
26, 0.56
27, 0.43
28, 0.49
29, 0.52
30, 0.49
31, 0.46
32, 0.55
33, 0.39
34, 0.52
35, 0.45
36, 0.48
37, 0.52
38, 0.46
39, 0.70
40, 0.54
41, 0.42
42, 0.52
43, 0.40
44, 0.72
45, 0.45
46, 0.49
47, 0.34
48, 0.43
49, 0.55
50, 0.42
51, 0.33
52, 0.30
53, 0.40
54, 0.44
55, 0.47
56, 0.50
57, 0.40
58, 0.37
59, 0.53
60, 0.56
61, 0.40
62, 0.33
63, 0.72
64, 0.71
65, 0.44
66, 0.59
67, 0.52
68, 0.31
69, 0.49
70, 0.53
71, 0.74
72, 0.72
73, 0.46
74, 0.32
75, 0.67
76, 0.44
77, 0.53
78, 0.49
79, 0.37
80, 0.50
81, 0.39
82, 0.40
83, 0.73
84, 0.41
85, 0.68
86, 0.56
87, 0.50
88, 0.44
89, 0.74
90, 0.49
91, 0.72
92, 0.55
93, 0.39
94, 0.71
95, 0.47
96, 0.35
97, 0.49
98, 0.73
99, 0.44
100, 0.53
101, 0.50
102, 0.31
103, 0.56
104, 0.56
105, 0.48
106, 0.39
107, 0.46
108, 0.44
109, 0.59
110, 0.32
111, 0.53
112, 0.40
113, 0.51
114, 0.49
115, 0.42
116, 0.54
117, 0.50
118, 0.32
119, 0.40
120, 0.32
121, 0.69
122, 0.39
123, 0.42
124, 0.44
125, 0.31
126, 0.59
127, 0.56
128, 0.54
129, 0.63
130, 0.32
131, 0.71
132, 0.34
133, 0.54
134, 0.52
135, 0.52
136, 0.36
137, 0.36
138, 0.53
139, 0.57
140, 0.50
141, 0.49
142, 0.54
143, 0.72
144, 0.73
145, 0.52
146, 0.51
147, 0.48
148, 0.45
149, 0.38
150, 0.39
151, 0.73
152, 0.33
153, 0.42
154, 0.50
155, 0.56
156, 0.38
157, 0.52
158, 0.53
159, 0.38
160, 0.49
161, 0.50
162, 0.51
163, 0.35
164, 0.50
165, 0.59
166, 0.39
167, 0.42
168, 0.72
169, 0.43
170, 0.46
171, 0.46
172, 0.54
173, 0.57
174, 0.46
175, 0.55
176, 0.39
177, 0.32
178, 0.55
179, 0.44
180, 0.50
181, 0.49
182, 0.69
183, 0.47
184, 0.37
185, 0.50
186, 0.50
187, 0.47
188, 0.56
189, 0.51
190, 0.56
191, 0.48
192, 0.46
193, 0.43
194, 0.37
195, 0.33
196, 0.49
197, 0.47
198, 0.34
199, 0.31
200, 0.48
201, 0.40
202, 0.47
203, 0.48
204, 0.60
205, 0.45
206, 0.32
207, 0.46
208, 0.72
209, 0.52
210, 0.42
211, 0.55
212, 0.49
213, 0.49
214, 0.45
215, 0.49
216, 0.50
217, 0.51
218, 0.48
219, 0.33
220, 0.33
221, 0.48
222, 0.35
223, 0.36
224, 0.48
225, 0.45
226, 0.45
227, 0.69
228, 0.55
229, 0.41
230, 0.36
231, 0.32
232, 0.49
233, 0.48
234, 0.35
235, 0.42
236, 0.51
237, 0.32
238, 0.49
239, 0.43
240, 0.44
241, 0.44
242, 0.31
243, 0.34
244, 0.43
245, 0.46
246, 0.55
247, 0.57
248, 0.50
249, 0.38
250, 0.72
251, 0.45
252, 0.52
253, 0.36
254, 0.45
255, 0.55
256, 0.51
257, 0.50
258, 0.52
259, 0.50
260, 0.31
261, 0.36
262, 0.37
263, 0.74
264, 0.53
265, 0.53
266, 0.46
267, 0.58
268, 0.45
269, 0.50
270, 0.55
271, 0.67
272, 0.37
273, 0.47
274, 0.59
275, 0.54
276, 0.38
277, 0.37
278, 0.64
279, 0.45
280, 0.74
281, 0.59
282, 0.74
283, 0.49
284, 0.55
285, 0.57
286, 0.52
287, 0.49
288, 0.74
289, 0.43
290, 0.50
291, 0.39
292, 0.72
293, 0.44
294, 0.35
295, 0.54
296, 0.32
297, 0.42
298, 0.40
299, 0.48
300, 0.44
301, 0.57
302, 0.40
303, 0.47
304, 0.47
305, 0.48
306, 0.54
307, 0.44
308, 0.53
309, 0.52
310, 0.52
311, 0.35
312, 0.74
313, 0.40
314, 0.54
315, 0.48
316, 0.51
317, 0.58
318, 0.42
319, 0.38
320, 0.36
321, 0.75
322, 0.38
323, 0.32
324, 0.58
325, 0.65
326, 0.47
327, 0.45
328, 0.49
329, 0.53
330, 0.39
331, 0.53
332, 0.32
333, 0.31
334, 0.74
335, 0.52
336, 0.40
337, 0.49
338, 0.50
339, 0.56
340, 0.55
341, 0.53
342, 0.43
343, 0.32
344, 0.73
345, 0.56
346, 0.36
347, 0.39
348, 0.40
349, 0.52
350, 0.72
351, 0.44
352, 0.57
353, 0.56
354, 0.53
355, 0.47
356, 0.45
357, 0.35
358, 0.50
359, 0.42
360, 0.39
361, 0.55
362, 0.47
363, 0.56
364, 0.44
365, 0.51
366, 0.55
367, 0.71
368, 0.39
369, 0.38
370, 0.41
371, 0.69
372, 0.41
373, 0.59
374, 0.73
375, 0.56
376, 0.52
377, 0.47
378, 0.51
379, 0.47
380, 0.51
381, 0.36
382, 0.33
383, 0.51
384, 0.48
385, 0.41
386, 0.33
387, 0.48
388, 0.68
389, 0.36
390, 0.73
391, 0.49
392, 0.55
393, 0.46
394, 0.48
395, 0.54
396, 0.55
397, 0.37
398, 0.53
399, 0.70
400, 0.51
401, 0.55
402, 0.52
403, 0.54
404, 0.37
405, 0.45
406, 0.39
407, 0.41
408, 0.44
409, 0.40
410, 0.32
411, 0.64
412, 0.49
413, 0.56
414, 0.32
415, 0.47
416, 0.51
417, 0.71
418, 0.48
419, 0.50
420, 0.52
421, 0.54
422, 0.48
423, 0.65
424, 0.74
425, 0.56
426, 0.49
427, 0.59
428, 0.74
429, 0.33
430, 0.47
431, 0.65
432, 0.54
433, 0.37
434, 0.75
435, 0.55
436, 0.53
437, 0.49
438, 0.46
439, 0.32
440, 0.71
441, 0.48
442, 0.39
443, 0.39
444, 0.52
445, 0.50
446, 0.47
447, 0.32
448, 0.46
449, 0.69
450, 0.40
451, 0.33
452, 0.57
453, 0.41
454, 0.40
455, 0.45
456, 0.45
457, 0.47
458, 0.52
459, 0.48
460, 0.58
461, 0.50
462, 0.51
463, 0.74
464, 0.74
465, 0.55
466, 0.51
467, 0.51
468, 0.71
469, 0.47
470, 0.47
471, 0.50
472, 0.38
473, 0.54
474, 0.72
475, 0.69
476, 0.74
477, 0.50
478, 0.32
479, 0.39
480, 0.48
481, 0.73
482, 0.74
483, 0.50
484, 0.37
485, 0.57
486, 0.37
487, 0.74
488, 0.50
489, 0.49
490, 0.36
491, 0.34
492, 0.48
493, 0.51
494, 0.46
495, 0.39
496, 0.37
497, 0.49
498, 0.71
499, 0.59
500, 0.69
501, 0.39
502, 0.32
503, 0.51
504, 0.41
505, 0.74
506, 0.51
507, 0.73
508, 0.54
509, 0.45
510, 0.56
511, 0.50
512, 0.43
513, 0.42
514, 0.44
515, 0.56
516, 0.41
517, 0.68
518, 0.43
519, 0.42
520, 0.34
521, 0.50
522, 0.34
523, 0.46
524, 0.41
525, 0.45
526, 0.41
527, 0.56
528, 0.53
529, 0.44
530, 0.52
531, 0.46
532, 0.46
533, 0.51
534, 0.40
535, 0.54
536, 0.47
537, 0.45
538, 0.38
539, 0.36
540, 0.73
541, 0.44
542, 0.51
543, 0.74
544, 0.48
545, 0.45
546, 0.71
547, 0.44
548, 0.44
549, 0.43
550, 0.41
551, 0.40
552, 0.73
553, 0.36
554, 0.52
555, 0.52
556, 0.32
557, 0.74
558, 0.56
559, 0.49
560, 0.49
561, 0.40
562, 0.52
563, 0.75
564, 0.46
565, 0.73
566, 0.38
567, 0.73
568, 0.38
569, 0.72
570, 0.52
571, 0.55
572, 0.54
573, 0.30
574, 0.48
575, 0.56
576, 0.46
577, 0.60
578, 0.49
579, 0.43
580, 0.49
581, 0.54
582, 0.42
583, 0.48
584, 0.39
585, 0.47
586, 0.40
587, 0.48
588, 0.38
589, 0.37
590, 0.53
591, 0.56
592, 0.52
593, 0.74
594, 0.45
595, 0.66
596, 0.47
597, 0.52
598, 0.47
599, 0.52
600, 0.56
601, 0.75
602, 0.53
603, 0.41
604, 0.56
605, 0.38
606, 0.42
607, 0.31
608, 0.73
609, 0.41
610, 0.44
611, 0.50
612, 0.45
613, 0.39
614, 0.55
615, 0.46
616, 0.47
617, 0.53
618, 0.40
619, 0.33
620, 0.54
621, 0.53
622, 0.48
623, 0.50
624, 0.41
625, 0.45
626, 0.38
627, 0.73
628, 0.50
629, 0.56
630, 0.53
631, 0.42
632, 0.33
633, 0.49
634, 0.72
635, 0.53
636, 0.75
637, 0.48
638, 0.37
639, 0.51
640, 0.48
641, 0.54
642, 0.45
643, 0.56
644, 0.46
645, 0.51
646, 0.39
647, 0.38
648, 0.72
649, 0.52
650, 0.37
651, 0.48
652, 0.47
653, 0.58
654, 0.72
655, 0.43
656, 0.55
657, 0.49
658, 0.38
659, 0.49
660, 0.73
661, 0.49
662, 0.51
663, 0.47
664, 0.44
665, 0.41
666, 0.51
667, 0.72
668, 0.55
669, 0.72
670, 0.54
671, 0.51
672, 0.74
673, 0.59
674, 0.45
675, 0.74
676, 0.33
677, 0.38
678, 0.32
679, 0.50
680, 0.73
681, 0.73
682, 0.49
683, 0.42
684, 0.48
685, 0.47
686, 0.52
687, 0.55
688, 0.40
689, 0.37
690, 0.51
691, 0.66
692, 0.50
693, 0.43
694, 0.58
695, 0.46
696, 0.53
697, 0.49
698, 0.43
699, 0.47
700, 0.49
701, 0.38
702, 0.50
703, 0.50
704, 0.39
705, 0.49
706, 0.38
707, 0.31
708, 0.42
709, 0.36
710, 0.73
711, 0.43
712, 0.49
713, 0.40
714, 0.54
715, 0.40
716, 0.49
717, 0.43
718, 0.42
719, 0.53
720, 0.32
721, 0.50
722, 0.34
723, 0.51
724, 0.39
725, 0.48
726, 0.53
727, 0.56
728, 0.48
729, 0.38
730, 0.44
731, 0.37
732, 0.40
733, 0.74
734, 0.36
735, 0.42
736, 0.51
737, 0.32
738, 0.51
739, 0.37
740, 0.48
741, 0.36
742, 0.48
743, 0.36
744, 0.71
745, 0.45
746, 0.41
747, 0.53
748, 0.38
749, 0.50
750, 0.52
751, 0.50
752, 0.56
753, 0.72
754, 0.49
755, 0.38
756, 0.49
757, 0.58
758, 0.32
759, 0.50
760, 0.30
761, 0.57
762, 0.44
763, 0.41
764, 0.38
765, 0.34
766, 0.48
767, 0.44
768, 0.35
769, 0.44
770, 0.58
771, 0.52
772, 0.47
773, 0.52
774, 0.48
775, 0.41
776, 0.57
777, 0.47
778, 0.56
779, 0.49
780, 0.47
781, 0.50
782, 0.53
783, 0.42
784, 0.50
785, 0.35
786, 0.44
787, 0.44
788, 0.69
789, 0.37
790, 0.36
791, 0.46
792, 0.48
793, 0.35
794, 0.47
795, 0.36
796, 0.34
797, 0.54
798, 0.55
799, 0.73
800, 0.53
801, 0.59
802, 0.51
803, 0.70
804, 0.39
805, 0.39
806, 0.37
807, 0.55
808, 0.37
809, 0.31
810, 0.49
811, 0.55
812, 0.72
813, 0.31
814, 0.47
815, 0.38
816, 0.64
817, 0.41
818, 0.37
819, 0.52
820, 0.48
821, 0.33
822, 0.64
823, 0.47
824, 0.41
825, 0.37
826, 0.46
827, 0.55
828, 0.71
829, 0.50
830, 0.40
831, 0.56
832, 0.51
833, 0.52
834, 0.54
835, 0.49
836, 0.59
837, 0.51
838, 0.57
839, 0.49
840, 0.35
841, 0.52
842, 0.39
843, 0.47
844, 0.40
845, 0.46
846, 0.56
847, 0.30
848, 0.41
849, 0.51
850, 0.32
851, 0.48
852, 0.37
853, 0.56
854, 0.52
855, 0.73
856, 0.39
857, 0.43
858, 0.47
859, 0.58
860, 0.51
861, 0.37
862, 0.52
863, 0.48
864, 0.52
865, 0.50
866, 0.47
867, 0.37
868, 0.52
869, 0.40
870, 0.34
871, 0.55
872, 0.72
873, 0.74
874, 0.33
875, 0.31
876, 0.44
877, 0.50
878, 0.43
879, 0.54
880, 0.56
881, 0.51
882, 0.43
883, 0.53
884, 0.46
885, 0.42
886, 0.74
887, 0.45
888, 0.54
889, 0.45
890, 0.72
891, 0.53
892, 0.57
893, 0.41
894, 0.73
895, 0.54
896, 0.44
897, 0.40
898, 0.43
899, 0.33
900, 0.48
901, 0.47
902, 0.43
903, 0.47
904, 0.74
905, 0.75
906, 0.45
907, 0.47
908, 0.43
909, 0.42
910, 0.65
911, 0.52
912, 0.40
913, 0.40
914, 0.36
915, 0.45
916, 0.55
917, 0.74
918, 0.47
919, 0.51
920, 0.48
921, 0.46
922, 0.36
923, 0.56
924, 0.44
925, 0.53
926, 0.47
927, 0.74
928, 0.31
929, 0.70
930, 0.51
931, 0.44
932, 0.43
933, 0.48
934, 0.49
935, 0.42
936, 0.52
937, 0.41
938, 0.52
939, 0.56
940, 0.49
941, 0.33
942, 0.44
943, 0.50
944, 0.47
945, 0.42
946, 0.55
947, 0.74
948, 0.35
949, 0.36
950, 0.54
951, 0.64
952, 0.39
953, 0.50
954, 0.43
955, 0.42
956, 0.50
957, 0.54
958, 0.50
959, 0.37
960, 0.42
961, 0.53
962, 0.52
963, 0.69
964, 0.42
965, 0.41
966, 0.45
967, 0.67
968, 0.43
969, 0.44
970, 0.43
971, 0.40
972, 0.50
973, 0.31
974, 0.51
975, 0.52
976, 0.52
977, 0.49
978, 0.41
979, 0.45
980, 0.54
981, 0.49
982, 0.53
983, 0.52
984, 0.42
985, 0.51
986, 0.37
987, 0.44
988, 0.55
989, 0.43
990, 0.37
991, 0.38
992, 0.43
993, 0.48
994, 0.38
995, 0.44
996, 0.48
997, 0.48
998, 0.37
999, 0.54
1000, 0.51
1001, 0.53
1002, 0.43
1003, 0.53
1004, 0.74
1005, 0.39
1006, 0.40
1007, 0.74
1008, 0.54
1009, 0.44
1010, 0.44
1011, 0.43
1012, 0.49
1013, 0.45
1014, 0.31
1015, 0.47
1016, 0.58
1017, 0.51
1018, 0.50
1019, 0.57
1020, 0.33
1021, 0.57
1022, 0.53
1023, 0.50
1024, 0.52
1025, 0.45
1026, 0.74
1027, 0.56
1028, 0.74
1029, 0.47
1030, 0.35
1031, 0.73
1032, 0.51
1033, 0.47
1034, 0.53
1035, 0.71
1036, 0.53
1037, 0.44
1038, 0.53
1039, 0.56
1040, 0.49
1041, 0.55
1042, 0.74
1043, 0.42
1044, 0.43
1045, 0.55
1046, 0.41
1047, 0.46
1048, 0.44
1049, 0.42
1050, 0.42
1051, 0.71
1052, 0.56
1053, 0.36
1054, 0.34
1055, 0.73
1056, 0.30
1057, 0.42
1058, 0.50
1059, 0.49
1060, 0.42
1061, 0.45
1062, 0.49
1063, 0.47
1064, 0.74
1065, 0.48
1066, 0.75
1067, 0.40
1068, 0.38
1069, 0.55
1070, 0.70
1071, 0.51
1072, 0.51
1073, 0.53
1074, 0.33
1075, 0.36
1076, 0.42
1077, 0.47
1078, 0.37
1079, 0.41
1080, 0.34
1081, 0.41
1082, 0.47
1083, 0.73
1084, 0.57
1085, 0.58
1086, 0.45
1087, 0.50
1088, 0.52
1089, 0.48
1090, 0.48
1091, 0.52
1092, 0.50
1093, 0.41
1094, 0.44
1095, 0.52
1096, 0.43
1097, 0.48
1098, 0.47
1099, 0.45
1100, 0.52
1101, 0.40
1102, 0.52
1103, 0.49
1104, 0.47
1105, 0.51
1106, 0.41
1107, 0.48
1108, 0.44
1109, 0.35
1110, 0.48
1111, 0.42
1112, 0.55
1113, 0.53
1114, 0.71
1115, 0.56
1116, 0.53
1117, 0.43
1118, 0.63
1119, 0.59
1120, 0.72
1121, 0.42
1122, 0.55
1123, 0.67
1124, 0.71
1125, 0.37
1126, 0.44
1127, 0.45
1128, 0.59
1129, 0.33
1130, 0.50
1131, 0.49
1132, 0.49
1133, 0.48
1134, 0.46
1135, 0.38
1136, 0.42
1137, 0.40
1138, 0.48
1139, 0.46
1140, 0.72
1141, 0.33
1142, 0.38
1143, 0.57
1144, 0.55
1145, 0.42
1146, 0.53
1147, 0.35
1148, 0.73
1149, 0.75
1150, 0.46
1151, 0.43
1152, 0.73
1153, 0.33
1154, 0.32
1155, 0.33
1156, 0.34
1157, 0.47
1158, 0.48
1159, 0.66
1160, 0.53
1161, 0.49
1162, 0.48
1163, 0.49
1164, 0.45
1165, 0.73
1166, 0.46
1167, 0.49
1168, 0.55
1169, 0.50
1170, 0.46
1171, 0.44
1172, 0.73
1173, 0.39
1174, 0.74
1175, 0.55
1176, 0.51
1177, 0.44
1178, 0.44
1179, 0.53
1180, 0.47
1181, 0.40
1182, 0.39
1183, 0.49
1184, 0.59
1185, 0.47
1186, 0.74
1187, 0.50
1188, 0.49
1189, 0.55
1190, 0.47
1191, 0.73
1192, 0.52
1193, 0.56
1194, 0.48
1195, 0.49
1196, 0.44
1197, 0.38
1198, 0.40
1199, 0.74
1200, 0.49
1201, 0.45
1202, 0.51
1203, 0.74
1204, 0.52
1205, 0.46
1206, 0.42
1207, 0.55
1208, 0.39
1209, 0.37
1210, 0.51
1211, 0.58
1212, 0.40
1213, 0.51
1214, 0.40
1215, 0.50
1216, 0.55
1217, 0.36
1218, 0.41
1219, 0.47
1220, 0.32
1221, 0.72
1222, 0.50
1223, 0.53
1224, 0.48
1225, 0.44
1226, 0.49
1227, 0.37
1228, 0.53
1229, 0.44
1230, 0.56
1231, 0.51
1232, 0.57
1233, 0.35
1234, 0.56
1235, 0.47
1236, 0.51
1237, 0.49
1238, 0.51
1239, 0.34
1240, 0.49
1241, 0.34
1242, 0.50
1243, 0.58
1244, 0.37
1245, 0.51
1246, 0.50
1247, 0.32
1248, 0.53
1249, 0.47
1250, 0.50
1251, 0.65
1252, 0.56
1253, 0.52
1254, 0.49
1255, 0.50
1256, 0.74
1257, 0.72
1258, 0.57
1259, 0.46
1260, 0.38
1261, 0.51
1262, 0.39
1263, 0.63
1264, 0.51
1265, 0.50
1266, 0.56
1267, 0.45
1268, 0.54
1269, 0.46
1270, 0.34
1271, 0.47
1272, 0.66
1273, 0.73
1274, 0.50
1275, 0.49
1276, 0.49
1277, 0.45
1278, 0.48
1279, 0.71
1280, 0.43
1281, 0.47
1282, 0.46
1283, 0.51
1284, 0.55
1285, 0.71
1286, 0.70
1287, 0.59
1288, 0.51
1289, 0.45
1290, 0.55
1291, 0.73
1292, 0.40
1293, 0.74
1294, 0.41
1295, 0.51
1296, 0.45
1297, 0.55
1298, 0.41
1299, 0.61
1300, 0.38
1301, 0.58
1302, 0.33
1303, 0.42
1304, 0.38
1305, 0.54
1306, 0.75
1307, 0.48
1308, 0.50
1309, 0.38
1310, 0.44
1311, 0.48
1312, 0.36
1313, 0.49
1314, 0.38
1315, 0.74
1316, 0.41
1317, 0.31
1318, 0.49
1319, 0.52
1320, 0.47
1321, 0.45
1322, 0.33
1323, 0.56
1324, 0.39
1325, 0.50
1326, 0.52
1327, 0.44
1328, 0.72
1329, 0.60
1330, 0.46
1331, 0.43
1332, 0.73
1333, 0.44
1334, 0.52
1335, 0.57
1336, 0.46
1337, 0.44
1338, 0.51
1339, 0.74
1340, 0.50
1341, 0.31
1342, 0.45
1343, 0.55
1344, 0.53
1345, 0.73
1346, 0.38
1347, 0.44
1348, 0.38
1349, 0.48
1350, 0.53
1351, 0.38
1352, 0.32
1353, 0.44
1354, 0.56
1355, 0.49
1356, 0.37
1357, 0.48
1358, 0.57
1359, 0.44
1360, 0.53
1361, 0.42
1362, 0.72
1363, 0.42
1364, 0.52
1365, 0.50
1366, 0.51
1367, 0.72
1368, 0.65
1369, 0.55
1370, 0.72
1371, 0.38
1372, 0.51
1373, 0.43
1374, 0.32
1375, 0.75
1376, 0.51
1377, 0.30
1378, 0.51
1379, 0.51
1380, 0.46
1381, 0.47
1382, 0.36
1383, 0.45
1384, 0.46
1385, 0.56
1386, 0.51
1387, 0.43
1388, 0.66
1389, 0.52
1390, 0.52
1391, 0.53
1392, 0.39
1393, 0.54
1394, 0.72
1395, 0.53
1396, 0.52
1397, 0.33
1398, 0.45
1399, 0.67
1400, 0.51
1401, 0.51
1402, 0.44
1403, 0.39
1404, 0.36
1405, 0.32
1406, 0.42
1407, 0.57
1408, 0.50
1409, 0.56
1410, 0.73
1411, 0.48
1412, 0.73
1413, 0.53
1414, 0.52
1415, 0.36
1416, 0.50
1417, 0.46
1418, 0.46
1419, 0.48
1420, 0.50
1421, 0.39
1422, 0.48
1423, 0.43
1424, 0.52
1425, 0.52
1426, 0.54
1427, 0.51
1428, 0.55
1429, 0.33
1430, 0.53
1431, 0.49
1432, 0.50
1433, 0.51
1434, 0.56
1435, 0.37
1436, 0.45
1437, 0.49
1438, 0.32
1439, 0.57
1440, 0.40
1441, 0.45
1442, 0.48
1443, 0.45
1444, 0.55
1445, 0.37
1446, 0.35
1447, 0.30
1448, 0.35
1449, 0.37
1450, 0.52
1451, 0.58
1452, 0.70
1453, 0.72
1454, 0.36
1455, 0.52
1456, 0.43
1457, 0.48
1458, 0.30
1459, 0.48
1460, 0.42
1461, 0.35
1462, 0.53
1463, 0.32
1464, 0.55
1465, 0.34
1466, 0.66
1467, 0.35
1468, 0.56
1469, 0.49
1470, 0.44
1471, 0.45
1472, 0.34
1473, 0.36
1474, 0.45
1475, 0.71
1476, 0.39
1477, 0.48
1478, 0.34
1479, 0.47
1480, 0.69
1481, 0.54
1482, 0.46
1483, 0.57
1484, 0.48
1485, 0.48
1486, 0.54
1487, 0.75
1488, 0.32
1489, 0.55
1490, 0.32
1491, 0.46
1492, 0.57
1493, 0.49
1494, 0.59
1495, 0.74
1496, 0.51
1497, 0.57
1498, 0.32
1499, 0.38
1500, 0.38
1501, 0.47
1502, 0.40
1503, 0.66
1504, 0.65
1505, 0.63
1506, 0.50
1507, 0.41
1508, 0.53
1509, 0.43
1510, 0.55
1511, 0.47
1512, 0.37
1513, 0.48
1514, 0.39
1515, 0.47
1516, 0.51
1517, 0.39
1518, 0.57
1519, 0.38
1520, 0.35
1521, 0.36
1522, 0.52
1523, 0.32
1524, 0.42
1525, 0.53
1526, 0.34
1527, 0.32
1528, 0.56
1529, 0.57
1530, 0.43
1531, 0.73
1532, 0.61
1533, 0.58
1534, 0.51
1535, 0.57
1536, 0.45
1537, 0.58
1538, 0.73
1539, 0.48
1540, 0.48
1541, 0.73
1542, 0.56
1543, 0.41
1544, 0.53
1545, 0.54
1546, 0.56
1547, 0.48
1548, 0.50
1549, 0.57
1550, 0.35
1551, 0.43
1552, 0.49
1553, 0.41
1554, 0.48
1555, 0.32
1556, 0.44
1557, 0.74
1558, 0.47
1559, 0.51
1560, 0.73
1561, 0.52
1562, 0.43
1563, 0.37
1564, 0.73
1565, 0.72
1566, 0.54
1567, 0.52
1568, 0.54
1569, 0.73
1570, 0.47
1571, 0.65
1572, 0.74
1573, 0.32
1574, 0.38
1575, 0.44
1576, 0.72
1577, 0.75
1578, 0.74
1579, 0.47
1580, 0.33
1581, 0.45
1582, 0.45
1583, 0.47
1584, 0.34
1585, 0.53
1586, 0.35
1587, 0.47
1588, 0.55
1589, 0.72
1590, 0.46
1591, 0.73
1592, 0.54
1593, 0.47
1594, 0.48
1595, 0.33
1596, 0.53
1597, 0.55
1598, 0.69
1599, 0.41
1600, 0.32
1601, 0.50
1602, 0.58
1603, 0.48
1604, 0.45
1605, 0.34
1606, 0.51
1607, 0.55
1608, 0.51
1609, 0.44
1610, 0.55
1611, 0.39
1612, 0.41
1613, 0.33
1614, 0.70
1615, 0.72
1616, 0.40
1617, 0.50
1618, 0.60
1619, 0.47
1620, 0.73
1621, 0.53
1622, 0.73
1623, 0.49
1624, 0.57
1625, 0.55
1626, 0.48
1627, 0.58
1628, 0.59
1629, 0.39
1630, 0.58
1631, 0.49
1632, 0.44
1633, 0.42
1634, 0.54
1635, 0.48
1636, 0.73
1637, 0.57
1638, 0.53
1639, 0.35
1640, 0.32
1641, 0.37
1642, 0.72
1643, 0.69
1644, 0.47
1645, 0.42
1646, 0.31
1647, 0.73
1648, 0.55
1649, 0.32
1650, 0.45
1651, 0.40
1652, 0.32
1653, 0.74
1654, 0.34
1655, 0.55
1656, 0.39
1657, 0.42
1658, 0.48
1659, 0.55
1660, 0.51
1661, 0.31
1662, 0.54
1663, 0.55
1664, 0.46
1665, 0.71
1666, 0.44
1667, 0.53
1668, 0.33
1669, 0.51
1670, 0.51
1671, 0.73
1672, 0.46
1673, 0.56
1674, 0.40
1675, 0.32
1676, 0.44
1677, 0.55
1678, 0.52
1679, 0.70
1680, 0.50
1681, 0.68
1682, 0.71
1683, 0.44
1684, 0.49
1685, 0.57
1686, 0.58
1687, 0.53
1688, 0.33
1689, 0.43
1690, 0.41
1691, 0.51
1692, 0.46
1693, 0.30
1694, 0.51
1695, 0.51
1696, 0.49
1697, 0.75
1698, 0.46
1699, 0.48
1700, 0.44
1701, 0.53
1702, 0.60
1703, 0.74
1704, 0.44
1705, 0.49
1706, 0.74
1707, 0.43
1708, 0.50
1709, 0.53
1710, 0.35
1711, 0.45
1712, 0.53
1713, 0.43
1714, 0.49
1715, 0.67
1716, 0.70
1717, 0.50
1718, 0.35
1719, 0.45
1720, 0.48
1721, 0.49
1722, 0.41
1723, 0.45
1724, 0.44
1725, 0.56
1726, 0.71
1727, 0.43
1728, 0.51
1729, 0.71
1730, 0.40
1731, 0.45
1732, 0.54
1733, 0.55
1734, 0.48
1735, 0.51
1736, 0.56
1737, 0.33
1738, 0.73
1739, 0.56
1740, 0.72
1741, 0.55
1742, 0.56
1743, 0.41
1744, 0.41
1745, 0.45
1746, 0.50
1747, 0.53
1748, 0.40
1749, 0.47
1750, 0.55
1751, 0.40
1752, 0.40
1753, 0.58
1754, 0.72
1755, 0.42
1756, 0.40
1757, 0.73
1758, 0.52
1759, 0.56
1760, 0.46
1761, 0.56
1762, 0.47
1763, 0.54
1764, 0.53
1765, 0.56
1766, 0.48
1767, 0.71
1768, 0.44
1769, 0.50
1770, 0.45
1771, 0.48
1772, 0.44
1773, 0.47
1774, 0.53
1775, 0.52
1776, 0.49
1777, 0.44
1778, 0.56
1779, 0.43
1780, 0.74
1781, 0.51
1782, 0.43
1783, 0.46
1784, 0.33
1785, 0.49
1786, 0.53
1787, 0.73
1788, 0.54
1789, 0.45
1790, 0.54
1791, 0.37
1792, 0.54
1793, 0.50
1794, 0.47
1795, 0.31
1796, 0.40
1797, 0.56
1798, 0.34
1799, 0.44
1800, 0.67
1801, 0.46
1802, 0.49
1803, 0.43
1804, 0.40
1805, 0.51
1806, 0.74
1807, 0.52
1808, 0.52
1809, 0.49
1810, 0.54
1811, 0.51
1812, 0.41
1813, 0.59
1814, 0.52
1815, 0.54
1816, 0.37
1817, 0.52
1818, 0.54
1819, 0.47
1820, 0.47
1821, 0.49
1822, 0.65
1823, 0.36
1824, 0.47
1825, 0.49
1826, 0.53
1827, 0.36
1828, 0.31
1829, 0.54
1830, 0.47
1831, 0.52
1832, 0.36
1833, 0.74
1834, 0.49
1835, 0.40
1836, 0.54
1837, 0.51
1838, 0.46
1839, 0.36
1840, 0.39
1841, 0.44
1842, 0.42
1843, 0.35
1844, 0.49
1845, 0.47
1846, 0.65
1847, 0.47
1848, 0.49
1849, 0.39
1850, 0.50
1851, 0.44
1852, 0.48
1853, 0.55
1854, 0.50
1855, 0.48
1856, 0.55
1857, 0.37
1858, 0.37
1859, 0.45
1860, 0.36
1861, 0.44
1862, 0.71
1863, 0.30
1864, 0.47
1865, 0.49
1866, 0.51
1867, 0.49
1868, 0.43
1869, 0.52
1870, 0.49
1871, 0.49
1872, 0.54
1873, 0.54
1874, 0.41
1875, 0.59
1876, 0.73
1877, 0.47
1878, 0.42
1879, 0.69
1880, 0.72
1881, 0.69
1882, 0.58
1883, 0.42
1884, 0.51
1885, 0.31
1886, 0.41
1887, 0.34
1888, 0.45
1889, 0.54
1890, 0.52
1891, 0.51
1892, 0.73
1893, 0.54
1894, 0.33
1895, 0.57
1896, 0.44
1897, 0.46
1898, 0.43
1899, 0.70
1900, 0.43
1901, 0.51
1902, 0.73
1903, 0.67
1904, 0.44
1905, 0.59
1906, 0.50
1907, 0.74
1908, 0.49
1909, 0.55
1910, 0.43
1911, 0.44
1912, 0.73
1913, 0.54
1914, 0.44
1915, 0.39
1916, 0.49
1917, 0.51
1918, 0.45
1919, 0.72
1920, 0.42
1921, 0.73
1922, 0.45
1923, 0.40
1924, 0.75
1925, 0.37
1926, 0.49
1927, 0.48
1928, 0.47
1929, 0.47
1930, 0.32
1931, 0.44
1932, 0.45
1933, 0.50
1934, 0.50
1935, 0.47
1936, 0.51
1937, 0.52
1938, 0.51
1939, 0.48
1940, 0.53
1941, 0.53
1942, 0.49
1943, 0.57
1944, 0.75
1945, 0.39
1946, 0.56
1947, 0.43
1948, 0.46
1949, 0.72
1950, 0.45
1951, 0.52
1952, 0.55
1953, 0.68
1954, 0.54
1955, 0.52
1956, 0.57
1957, 0.47
1958, 0.53
1959, 0.49
1960, 0.34
1961, 0.74
1962, 0.57
1963, 0.45
1964, 0.58
1965, 0.46
1966, 0.37
1967, 0.45
1968, 0.38
1969, 0.40
1970, 0.72
1971, 0.55
1972, 0.68
1973, 0.45
1974, 0.50
1975, 0.56
1976, 0.42
1977, 0.54
1978, 0.48
1979, 0.56
1980, 0.50
1981, 0.50
1982, 0.41
1983, 0.49
1984, 0.49
1985, 0.45
1986, 0.73
1987, 0.46
1988, 0.48
1989, 0.50
1990, 0.56
1991, 0.50
1992, 0.60
1993, 0.49
1994, 0.52
1995, 0.51
1996, 0.54
1997, 0.44
1998, 0.57
1999, 0.42
2000, 0.53
2001, 0.29
2002, 0.53
2003, 0.43
2004, 0.73
2005, 0.74
2006, 0.55
2007, 0.60
2008, 0.47
2009, 0.54
2010, 0.75
2011, 0.51
2012, 0.48
2013, 0.48
2014, 0.58
2015, 0.68
2016, 0.55
2017, 0.39
2018, 0.42
2019, 0.51
2020, 0.39
2021, 0.53
2022, 0.51
2023, 0.33
2024, 0.45
2025, 0.45
2026, 0.54
2027, 0.72
2028, 0.50
2029, 0.72
2030, 0.32
2031, 0.56
2032, 0.42
2033, 0.41
2034, 0.49
2035, 0.46
2036, 0.50
2037, 0.39
2038, 0.55
2039, 0.47
2040, 0.32
2041, 0.39
2042, 0.51
2043, 0.48
2044, 0.47
2045, 0.44
2046, 0.71
2047, 0.39
2048, 0.52
2049, 0.49
2050, 0.38
2051, 0.43
2052, 0.49
2053, 0.52
2054, 0.44
2055, 0.51
2056, 0.49
2057, 0.39
2058, 0.38
2059, 0.56
2060, 0.44
2061, 0.46
2062, 0.37
2063, 0.50
2064, 0.51
2065, 0.73
2066, 0.37
2067, 0.56
2068, 0.37
2069, 0.33
2070, 0.51
2071, 0.49
2072, 0.31
2073, 0.53
2074, 0.49
2075, 0.50
2076, 0.49
2077, 0.45
2078, 0.54
2079, 0.47
2080, 0.51
2081, 0.73
2082, 0.48
2083, 0.39
2084, 0.53
2085, 0.39
2086, 0.45
2087, 0.74
2088, 0.45
2089, 0.52
2090, 0.55
2091, 0.52
2092, 0.56
2093, 0.54
2094, 0.38
2095, 0.46
2096, 0.51
2097, 0.37
2098, 0.32
2099, 0.44
2100, 0.38
2101, 0.47
2102, 0.43
2103, 0.51
2104, 0.37
2105, 0.70
2106, 0.70
2107, 0.73
2108, 0.39
2109, 0.45
2110, 0.69
2111, 0.51
2112, 0.35
2113, 0.42
2114, 0.31
2115, 0.72
2116, 0.35
2117, 0.57
2118, 0.36
2119, 0.43
2120, 0.50
2121, 0.39
2122, 0.49
2123, 0.47
2124, 0.67
2125, 0.49
2126, 0.50
2127, 0.54
2128, 0.49
2129, 0.49
2130, 0.56
2131, 0.40
2132, 0.47
2133, 0.72
2134, 0.74
2135, 0.53
2136, 0.39
2137, 0.73
2138, 0.51
2139, 0.43
2140, 0.38
2141, 0.72
2142, 0.50
2143, 0.63
2144, 0.44
2145, 0.55
2146, 0.47
2147, 0.49
2148, 0.56
2149, 0.35
2150, 0.37
2151, 0.53
2152, 0.54
2153, 0.48
2154, 0.71
2155, 0.68
2156, 0.43
2157, 0.49
2158, 0.49
2159, 0.55
2160, 0.56
2161, 0.57
2162, 0.40
2163, 0.32
2164, 0.44
2165, 0.47
2166, 0.69
2167, 0.50
2168, 0.72
2169, 0.51
2170, 0.41
2171, 0.46
2172, 0.40
2173, 0.50
2174, 0.40
2175, 0.43
2176, 0.49
2177, 0.51
2178, 0.48
2179, 0.51
2180, 0.44
2181, 0.52
2182, 0.74
2183, 0.55
2184, 0.33
2185, 0.51
2186, 0.54
2187, 0.35
2188, 0.49
2189, 0.44
2190, 0.37
2191, 0.34
2192, 0.42
2193, 0.74
2194, 0.43
2195, 0.45
2196, 0.72
2197, 0.31
2198, 0.47
2199, 0.41
2200, 0.45
2201, 0.50
2202, 0.72
2203, 0.73
2204, 0.58
2205, 0.34
2206, 0.33
2207, 0.44
2208, 0.33
2209, 0.36
2210, 0.73
2211, 0.37
2212, 0.54
2213, 0.52
2214, 0.32
2215, 0.45
2216, 0.31
2217, 0.74
2218, 0.48
2219, 0.51
2220, 0.51
2221, 0.54
2222, 0.51
2223, 0.50
2224, 0.34
2225, 0.52
2226, 0.54
2227, 0.47
2228, 0.41
2229, 0.45
2230, 0.50
2231, 0.50
2232, 0.72
2233, 0.48
2234, 0.52
2235, 0.52
2236, 0.38
2237, 0.47
2238, 0.41
2239, 0.45
2240, 0.55
2241, 0.49
2242, 0.56
2243, 0.73
2244, 0.32
2245, 0.65
2246, 0.52
2247, 0.50
2248, 0.34
2249, 0.39
2250, 0.67
2251, 0.48
2252, 0.50
2253, 0.40
2254, 0.31
2255, 0.71
2256, 0.37
2257, 0.46
2258, 0.40
2259, 0.37
2260, 0.70
2261, 0.73
2262, 0.55
2263, 0.44
2264, 0.34
2265, 0.36
2266, 0.52
2267, 0.43
2268, 0.72
2269, 0.58
2270, 0.34
2271, 0.49
2272, 0.50
2273, 0.45
2274, 0.35
2275, 0.67
2276, 0.51
2277, 0.40
2278, 0.49
2279, 0.36
2280, 0.56
2281, 0.52
2282, 0.43
2283, 0.50
2284, 0.57
2285, 0.53
2286, 0.49
2287, 0.35
2288, 0.50
2289, 0.57
2290, 0.74
2291, 0.46
2292, 0.71
2293, 0.74
2294, 0.51
2295, 0.68
2296, 0.59
2297, 0.46
2298, 0.47
2299, 0.35
2300, 0.73
2301, 0.40
2302, 0.36
2303, 0.46
2304, 0.40
2305, 0.50
2306, 0.38
2307, 0.57
2308, 0.56
2309, 0.55
2310, 0.49
2311, 0.51
2312, 0.46
2313, 0.46
2314, 0.48
2315, 0.51
2316, 0.62
2317, 0.66
2318, 0.57
2319, 0.46
2320, 0.52
2321, 0.65
2322, 0.35
2323, 0.41
2324, 0.43
2325, 0.45
2326, 0.37
2327, 0.38
2328, 0.38
2329, 0.31
2330, 0.50
2331, 0.45
2332, 0.47
2333, 0.72
2334, 0.38
2335, 0.44
2336, 0.73
2337, 0.46
2338, 0.53
2339, 0.54
2340, 0.46
2341, 0.50
2342, 0.41
2343, 0.73
2344, 0.45
2345, 0.41
2346, 0.54
2347, 0.52
2348, 0.41
2349, 0.45
2350, 0.42
2351, 0.73
2352, 0.53
2353, 0.35
2354, 0.59
2355, 0.46
2356, 0.37
2357, 0.72
2358, 0.43
2359, 0.32
2360, 0.42
2361, 0.73
2362, 0.51
2363, 0.74
2364, 0.50
2365, 0.59
2366, 0.46
2367, 0.31
2368, 0.53
2369, 0.47
2370, 0.49
2371, 0.52
2372, 0.54
2373, 0.46
2374, 0.43
2375, 0.51
2376, 0.48
2377, 0.43
2378, 0.48
2379, 0.51
2380, 0.46
2381, 0.31
2382, 0.42
2383, 0.47
2384, 0.47
2385, 0.73
2386, 0.47
2387, 0.74
2388, 0.40
2389, 0.70
2390, 0.51
2391, 0.49
2392, 0.71
2393, 0.43
2394, 0.32
2395, 0.44
2396, 0.42
2397, 0.49
2398, 0.72
2399, 0.38
2400, 0.53
2401, 0.39
2402, 0.47
2403, 0.38
2404, 0.39
2405, 0.50
2406, 0.48
2407, 0.38
2408, 0.74
2409, 0.39
2410, 0.52
2411, 0.50
2412, 0.65
2413, 0.53
2414, 0.42
2415, 0.39
2416, 0.50
2417, 0.54
2418, 0.51
2419, 0.75
2420, 0.54
2421, 0.73
2422, 0.56
2423, 0.44
2424, 0.68
2425, 0.53
2426, 0.41
2427, 0.50
2428, 0.39
2429, 0.48
2430, 0.45
2431, 0.48
2432, 0.68
2433, 0.73
2434, 0.43
2435, 0.48
2436, 0.35
2437, 0.43
2438, 0.40
2439, 0.39
2440, 0.37
2441, 0.34
2442, 0.48
2443, 0.51
2444, 0.38
2445, 0.41
2446, 0.38
2447, 0.49
2448, 0.51
2449, 0.59
2450, 0.47
2451, 0.41
2452, 0.46
2453, 0.45
2454, 0.42
2455, 0.51
2456, 0.72
2457, 0.49
2458, 0.43
2459, 0.45
2460, 0.70
2461, 0.75
2462, 0.40
2463, 0.73
2464, 0.66
2465, 0.49
2466, 0.37
2467, 0.70
2468, 0.50
2469, 0.34
2470, 0.45
2471, 0.48
2472, 0.37
2473, 0.43
2474, 0.49
2475, 0.54
2476, 0.59
2477, 0.51
2478, 0.33
2479, 0.72
2480, 0.55
2481, 0.48
2482, 0.72
2483, 0.50
2484, 0.58
2485, 0.46
2486, 0.57
2487, 0.55
2488, 0.54
2489, 0.51
2490, 0.52
2491, 0.42
2492, 0.40
2493, 0.53
2494, 0.57
2495, 0.42
2496, 0.51
2497, 0.49
2498, 0.74
2499, 0.42
2500, 0.52
2501, 0.42
2502, 0.36
2503, 0.35
2504, 0.47
2505, 0.57
2506, 0.54
2507, 0.49
2508, 0.46
2509, 0.36
2510, 0.49
2511, 0.48
2512, 0.43
2513, 0.73
2514, 0.73
2515, 0.57
2516, 0.74
2517, 0.37
2518, 0.47
2519, 0.35
2520, 0.50
2521, 0.46
2522, 0.40
2523, 0.51
2524, 0.43
2525, 0.51
2526, 0.33
2527, 0.51
2528, 0.47
2529, 0.57
2530, 0.55
2531, 0.53
2532, 0.49
2533, 0.45
2534, 0.48
2535, 0.31
2536, 0.47
2537, 0.56
2538, 0.51
2539, 0.56
2540, 0.46
2541, 0.68
2542, 0.37
2543, 0.51
2544, 0.50
2545, 0.52
2546, 0.31
2547, 0.50
2548, 0.55
2549, 0.49
2550, 0.72
2551, 0.53
2552, 0.54
2553, 0.72
2554, 0.49
2555, 0.48
2556, 0.34
2557, 0.46
2558, 0.48
2559, 0.40
2560, 0.43
2561, 0.32
2562, 0.74
2563, 0.74
2564, 0.40
2565, 0.48
2566, 0.46
2567, 0.52
2568, 0.49
2569, 0.72
2570, 0.47
2571, 0.37
2572, 0.47
2573, 0.73
2574, 0.50
2575, 0.49
2576, 0.45
2577, 0.35
2578, 0.51
2579, 0.48
2580, 0.47
2581, 0.50
2582, 0.53
2583, 0.50
2584, 0.45
2585, 0.52
2586, 0.51
2587, 0.51
2588, 0.32
2589, 0.46
2590, 0.44
2591, 0.50
2592, 0.69
2593, 0.44
2594, 0.52
2595, 0.51
2596, 0.37
2597, 0.50
2598, 0.44
2599, 0.38
2600, 0.55
2601, 0.40
2602, 0.49
2603, 0.47
2604, 0.38
2605, 0.46
2606, 0.73
2607, 0.50
2608, 0.50
2609, 0.48
2610, 0.34
2611, 0.40
2612, 0.51
2613, 0.46
2614, 0.34
2615, 0.55
2616, 0.52
2617, 0.67
2618, 0.56
2619, 0.34
2620, 0.55
2621, 0.47
2622, 0.72
2623, 0.48
2624, 0.39
2625, 0.51
2626, 0.67
2627, 0.74
2628, 0.59
2629, 0.45
2630, 0.51
2631, 0.50
2632, 0.48
2633, 0.73
2634, 0.38
2635, 0.38
2636, 0.49
2637, 0.36
2638, 0.39
2639, 0.54
2640, 0.54
2641, 0.45
2642, 0.49
2643, 0.54
2644, 0.40
2645, 0.55
2646, 0.41
2647, 0.49
2648, 0.51
2649, 0.50
2650, 0.51
2651, 0.38
2652, 0.50
2653, 0.31
2654, 0.59
2655, 0.56
2656, 0.68
2657, 0.74
2658, 0.57
2659, 0.38
2660, 0.52
2661, 0.48
2662, 0.74
2663, 0.49
2664, 0.44
2665, 0.52
2666, 0.54
2667, 0.37
2668, 0.53
2669, 0.30
2670, 0.53
2671, 0.74
2672, 0.44
2673, 0.42
2674, 0.52
2675, 0.31
2676, 0.38
2677, 0.53
2678, 0.72
2679, 0.50
2680, 0.49
2681, 0.73
2682, 0.44
2683, 0.71
2684, 0.50
2685, 0.35
2686, 0.60
2687, 0.57
2688, 0.41
2689, 0.45
2690, 0.41
2691, 0.35
2692, 0.49
2693, 0.32
2694, 0.52
2695, 0.46
2696, 0.41
2697, 0.49
2698, 0.51
2699, 0.56
2700, 0.49
2701, 0.39
2702, 0.51
2703, 0.51
2704, 0.42
2705, 0.50
2706, 0.73
2707, 0.44
2708, 0.57
2709, 0.59
2710, 0.67
2711, 0.45
2712, 0.72
2713, 0.57
2714, 0.37
2715, 0.39
2716, 0.42
2717, 0.36
2718, 0.57
2719, 0.55
2720, 0.52
2721, 0.65
2722, 0.49
2723, 0.55
2724, 0.56
2725, 0.33
2726, 0.53
2727, 0.51
2728, 0.52
2729, 0.51
2730, 0.48
2731, 0.46
2732, 0.60
2733, 0.34
2734, 0.46
2735, 0.51
2736, 0.50
2737, 0.42
2738, 0.51
2739, 0.46
2740, 0.51
2741, 0.70
2742, 0.69
2743, 0.71
2744, 0.32
2745, 0.53
2746, 0.45
2747, 0.40
2748, 0.58
2749, 0.40
2750, 0.52
2751, 0.43
2752, 0.37
2753, 0.58
2754, 0.72
2755, 0.74
2756, 0.37
2757, 0.46
2758, 0.74
2759, 0.51
2760, 0.50
2761, 0.36
2762, 0.47
2763, 0.40
2764, 0.45
2765, 0.55
2766, 0.41
2767, 0.65
2768, 0.49
2769, 0.41
2770, 0.47
2771, 0.65
2772, 0.44
2773, 0.51
2774, 0.39
2775, 0.33
2776, 0.71
2777, 0.70
2778, 0.40
2779, 0.34
2780, 0.47
2781, 0.57
2782, 0.41
2783, 0.55
2784, 0.71
2785, 0.43
2786, 0.73
2787, 0.48
2788, 0.39
2789, 0.65
2790, 0.43
2791, 0.53
2792, 0.73
2793, 0.49
2794, 0.48
2795, 0.47
2796, 0.39
2797, 0.45
2798, 0.56
2799, 0.47
2800, 0.37
2801, 0.33
2802, 0.46
2803, 0.50
2804, 0.32
2805, 0.65
2806, 0.33
2807, 0.42
2808, 0.56
2809, 0.43
2810, 0.34
2811, 0.34
2812, 0.44
2813, 0.43
2814, 0.53
2815, 0.66
2816, 0.50
2817, 0.34
2818, 0.39
2819, 0.43
2820, 0.74
2821, 0.51
2822, 0.42
2823, 0.30
2824, 0.53
2825, 0.33
2826, 0.74
2827, 0.39
2828, 0.45
2829, 0.44
2830, 0.39
2831, 0.55
2832, 0.49
2833, 0.51
2834, 0.75
2835, 0.51
2836, 0.33
2837, 0.71
2838, 0.50
2839, 0.48
2840, 0.52
2841, 0.35
2842, 0.51
2843, 0.52
2844, 0.39
2845, 0.65
2846, 0.45
2847, 0.43
2848, 0.57
2849, 0.55
2850, 0.53
2851, 0.42
2852, 0.34
2853, 0.59
2854, 0.53
2855, 0.44
2856, 0.35
2857, 0.74
2858, 0.44
2859, 0.48
2860, 0.45
2861, 0.38
2862, 0.53
2863, 0.39
2864, 0.57
2865, 0.46
2866, 0.45
2867, 0.40
2868, 0.43
2869, 0.46
2870, 0.41
2871, 0.32
2872, 0.47
2873, 0.52
2874, 0.47
2875, 0.53
2876, 0.34
2877, 0.42
2878, 0.56
2879, 0.55
2880, 0.71
2881, 0.51
2882, 0.73
2883, 0.70
2884, 0.73
2885, 0.42
2886, 0.51
2887, 0.57
2888, 0.42
2889, 0.56
2890, 0.49
2891, 0.56
2892, 0.41
2893, 0.55
2894, 0.46
2895, 0.55
2896, 0.74
2897, 0.32
2898, 0.74
2899, 0.54
2900, 0.47
2901, 0.44
2902, 0.73
2903, 0.74
2904, 0.36
2905, 0.41
2906, 0.51
2907, 0.56
2908, 0.41
2909, 0.35
2910, 0.73
2911, 0.50
2912, 0.39
2913, 0.43
2914, 0.46
2915, 0.71
2916, 0.39
2917, 0.32
2918, 0.58
2919, 0.45
2920, 0.45
2921, 0.73
2922, 0.49
2923, 0.51
2924, 0.66
2925, 0.52
2926, 0.39
2927, 0.56
2928, 0.50
2929, 0.49
2930, 0.45
2931, 0.51
2932, 0.50
2933, 0.50
2934, 0.54
2935, 0.49
2936, 0.50
2937, 0.47
2938, 0.69
2939, 0.37
2940, 0.53
2941, 0.40
2942, 0.54
2943, 0.52
2944, 0.53
2945, 0.32
2946, 0.50
2947, 0.46
2948, 0.74
2949, 0.73
2950, 0.32
2951, 0.53
2952, 0.55
2953, 0.48
2954, 0.74
2955, 0.48
2956, 0.45
2957, 0.74
2958, 0.37
2959, 0.37
2960, 0.52
2961, 0.48
2962, 0.51
2963, 0.48
2964, 0.56
2965, 0.45
2966, 0.52
2967, 0.51
2968, 0.34
2969, 0.56
2970, 0.31
2971, 0.51
2972, 0.35
2973, 0.73
2974, 0.57
2975, 0.34
2976, 0.60
2977, 0.56
2978, 0.44
2979, 0.51
2980, 0.52
2981, 0.52
2982, 0.48
2983, 0.38
2984, 0.45
2985, 0.51
2986, 0.56
2987, 0.32
2988, 0.49
2989, 0.37
2990, 0.52
2991, 0.48
2992, 0.71
2993, 0.45
2994, 0.53
2995, 0.51
2996, 0.39
2997, 0.57
2998, 0.42
2999, 0.47
3000, 0.35
3001, 0.52
3002, 0.54
3003, 0.73
3004, 0.72
3005, 0.55
3006, 0.39
3007, 0.49
3008, 0.47
3009, 0.43
3010, 0.52
3011, 0.45
3012, 0.47
3013, 0.51
3014, 0.55
3015, 0.52
3016, 0.37
3017, 0.55
3018, 0.51
3019, 0.48
3020, 0.54
3021, 0.54
3022, 0.48
3023, 0.50
3024, 0.48
3025, 0.53
3026, 0.46
3027, 0.49
3028, 0.45
3029, 0.38
3030, 0.42
3031, 0.66
3032, 0.49
3033, 0.40
3034, 0.44
3035, 0.54
3036, 0.49
3037, 0.39
3038, 0.48
3039, 0.56
3040, 0.57
3041, 0.32
3042, 0.38
3043, 0.39
3044, 0.58
3045, 0.60
3046, 0.55
3047, 0.36
3048, 0.38
3049, 0.38
3050, 0.35
3051, 0.55
3052, 0.52
3053, 0.43
3054, 0.34
3055, 0.40
3056, 0.42
3057, 0.46
3058, 0.44
3059, 0.42
3060, 0.52
3061, 0.56
3062, 0.41
3063, 0.44
3064, 0.33
3065, 0.46
3066, 0.50
3067, 0.53
3068, 0.47
3069, 0.50
3070, 0.57
3071, 0.39
3072, 0.60
3073, 0.47
3074, 0.43
3075, 0.38
3076, 0.41
3077, 0.34
3078, 0.39
3079, 0.45
3080, 0.51
3081, 0.73
3082, 0.74
3083, 0.38
3084, 0.54
3085, 0.48
3086, 0.51
3087, 0.53
3088, 0.52
3089, 0.74
3090, 0.48
3091, 0.48
3092, 0.33
3093, 0.53
3094, 0.72
3095, 0.51
3096, 0.43
3097, 0.46
3098, 0.54
3099, 0.52
3100, 0.73
3101, 0.65
3102, 0.36
3103, 0.41
3104, 0.31
3105, 0.42
3106, 0.40
3107, 0.45
3108, 0.40
3109, 0.37
3110, 0.74
3111, 0.45
3112, 0.52
3113, 0.59
3114, 0.38
3115, 0.50
3116, 0.38
3117, 0.50
3118, 0.45
3119, 0.50
3120, 0.42
3121, 0.53
3122, 0.42
3123, 0.52
3124, 0.73
3125, 0.51
3126, 0.52
3127, 0.54
3128, 0.38
3129, 0.52
3130, 0.70
3131, 0.38
3132, 0.51
3133, 0.70
3134, 0.55
3135, 0.58
3136, 0.42
3137, 0.52
3138, 0.53
3139, 0.38
3140, 0.42
3141, 0.51
3142, 0.72
3143, 0.55
3144, 0.56
3145, 0.31
3146, 0.49
3147, 0.38
3148, 0.49
3149, 0.52
3150, 0.54
3151, 0.49
3152, 0.51
3153, 0.41
3154, 0.72
3155, 0.40
3156, 0.51
3157, 0.55
3158, 0.49
3159, 0.73
3160, 0.74
3161, 0.38
3162, 0.57
3163, 0.63
3164, 0.74
3165, 0.55
3166, 0.56
3167, 0.33
3168, 0.57
3169, 0.54
3170, 0.56
3171, 0.63
3172, 0.49
3173, 0.74
3174, 0.39
3175, 0.56
3176, 0.51
3177, 0.41
3178, 0.49
3179, 0.36
3180, 0.41
3181, 0.51
3182, 0.58
3183, 0.50
3184, 0.53
3185, 0.39
3186, 0.32
3187, 0.47
3188, 0.44
3189, 0.44
3190, 0.55
3191, 0.73
3192, 0.51
3193, 0.41
3194, 0.74
3195, 0.32
3196, 0.45
3197, 0.48
3198, 0.47
3199, 0.46
3200, 0.51
3201, 0.55
3202, 0.50
3203, 0.52
3204, 0.75
3205, 0.48
3206, 0.51
3207, 0.72
3208, 0.49
3209, 0.54
3210, 0.44
3211, 0.74
3212, 0.72
3213, 0.34
3214, 0.39
3215, 0.66
3216, 0.32
3217, 0.53
3218, 0.57
3219, 0.48
3220, 0.41
3221, 0.46
3222, 0.73
3223, 0.52
3224, 0.44
3225, 0.50
3226, 0.39
3227, 0.52
3228, 0.46
3229, 0.50
3230, 0.44
3231, 0.46
3232, 0.73
3233, 0.49
3234, 0.49
3235, 0.37
3236, 0.49
3237, 0.55
3238, 0.55
3239, 0.58
3240, 0.40
3241, 0.51
3242, 0.40
3243, 0.44
3244, 0.46
3245, 0.51
3246, 0.52
3247, 0.73
3248, 0.54
3249, 0.55
3250, 0.33
3251, 0.53
3252, 0.71
3253, 0.54
3254, 0.75
3255, 0.55
3256, 0.43
3257, 0.49
3258, 0.74
3259, 0.52
3260, 0.30
3261, 0.32
3262, 0.44
3263, 0.53
3264, 0.37
3265, 0.59
3266, 0.56
3267, 0.33
3268, 0.52
3269, 0.56
3270, 0.54
3271, 0.47
3272, 0.40
3273, 0.49
3274, 0.72
3275, 0.72
3276, 0.34
3277, 0.44
3278, 0.33
3279, 0.72
3280, 0.57
3281, 0.41
3282, 0.56
3283, 0.38
3284, 0.49
3285, 0.48
3286, 0.74
3287, 0.50
3288, 0.40
3289, 0.44
3290, 0.35
3291, 0.73
3292, 0.74
3293, 0.54
3294, 0.44
3295, 0.42
3296, 0.52
3297, 0.50
3298, 0.48
3299, 0.53
3300, 0.47
3301, 0.51
3302, 0.45
3303, 0.44
3304, 0.54
3305, 0.33
3306, 0.40
3307, 0.52
3308, 0.45
3309, 0.53
3310, 0.75
3311, 0.47
3312, 0.56
3313, 0.74
3314, 0.56
3315, 0.37
3316, 0.44
3317, 0.52
3318, 0.56
3319, 0.37
3320, 0.63
3321, 0.44
3322, 0.50
3323, 0.54
3324, 0.46
3325, 0.38
3326, 0.37
3327, 0.32
3328, 0.53
3329, 0.32
3330, 0.48
3331, 0.51
3332, 0.53
3333, 0.41
3334, 0.47
3335, 0.71
3336, 0.34
3337, 0.46
3338, 0.34
3339, 0.59
3340, 0.73
3341, 0.46
3342, 0.67
3343, 0.31
3344, 0.40
3345, 0.58
3346, 0.55
3347, 0.47
3348, 0.40
3349, 0.55
3350, 0.38
3351, 0.48
3352, 0.36
3353, 0.38
3354, 0.43
3355, 0.32
3356, 0.55
3357, 0.53
3358, 0.30
3359, 0.46
3360, 0.49
3361, 0.71
3362, 0.44
3363, 0.41
3364, 0.51
3365, 0.51
3366, 0.50
3367, 0.45
3368, 0.36
3369, 0.40
3370, 0.46
3371, 0.34
3372, 0.51
3373, 0.49
3374, 0.50
3375, 0.53
3376, 0.38
3377, 0.66
3378, 0.44
3379, 0.41
3380, 0.43
3381, 0.34
3382, 0.36
3383, 0.49
3384, 0.32
3385, 0.47
3386, 0.72
3387, 0.54
3388, 0.51
3389, 0.49
3390, 0.56
3391, 0.51
3392, 0.52
3393, 0.34
3394, 0.38
3395, 0.48
3396, 0.73
3397, 0.43
3398, 0.38
3399, 0.57
3400, 0.74
3401, 0.45
3402, 0.44
3403, 0.52
3404, 0.53
3405, 0.45
3406, 0.52
3407, 0.48
3408, 0.43
3409, 0.32
3410, 0.48
3411, 0.45
3412, 0.71
3413, 0.55
3414, 0.75
3415, 0.54
3416, 0.33
3417, 0.71
3418, 0.47
3419, 0.35
3420, 0.36
3421, 0.31
3422, 0.58
3423, 0.36
3424, 0.47
3425, 0.74
3426, 0.54
3427, 0.54
3428, 0.48
3429, 0.58
3430, 0.46
3431, 0.70
3432, 0.33
3433, 0.51
3434, 0.43
3435, 0.44
3436, 0.53
3437, 0.75
3438, 0.31
3439, 0.37
3440, 0.38
3441, 0.47
3442, 0.32
3443, 0.38
3444, 0.42
3445, 0.49
3446, 0.50
3447, 0.57
3448, 0.49
3449, 0.65
3450, 0.31
3451, 0.50
3452, 0.49
3453, 0.50
3454, 0.74
3455, 0.36
3456, 0.32
3457, 0.71
3458, 0.51
3459, 0.44
3460, 0.52
3461, 0.35
3462, 0.66
3463, 0.74
3464, 0.41
3465, 0.31
3466, 0.51
3467, 0.43
3468, 0.36
3469, 0.54
3470, 0.32
3471, 0.51
3472, 0.48
3473, 0.42
3474, 0.53
3475, 0.58
3476, 0.57
3477, 0.38
3478, 0.55
3479, 0.56
3480, 0.55
3481, 0.42
3482, 0.42
3483, 0.52
3484, 0.38
3485, 0.74
3486, 0.56
3487, 0.51
3488, 0.51
3489, 0.54
3490, 0.61
3491, 0.47
3492, 0.73
3493, 0.47
3494, 0.39
3495, 0.54
3496, 0.38
3497, 0.45
3498, 0.49
3499, 0.49
3500, 0.33
3501, 0.46
3502, 0.53
3503, 0.43
3504, 0.37
3505, 0.58
3506, 0.35
3507, 0.39
3508, 0.50
3509, 0.54
3510, 0.52
3511, 0.54
3512, 0.41
3513, 0.49
3514, 0.53
3515, 0.36
3516, 0.71
3517, 0.52
3518, 0.33
3519, 0.46
3520, 0.51
3521, 0.56
3522, 0.35
3523, 0.49
3524, 0.49
3525, 0.74
3526, 0.47
3527, 0.42
3528, 0.72
3529, 0.42
3530, 0.48
3531, 0.50
3532, 0.50
3533, 0.57
3534, 0.41
3535, 0.53
3536, 0.38
3537, 0.51
3538, 0.53
3539, 0.45
3540, 0.54
3541, 0.72
3542, 0.35
3543, 0.52
3544, 0.33
3545, 0.40
3546, 0.53
3547, 0.49
3548, 0.45
3549, 0.38
3550, 0.49
3551, 0.47
3552, 0.51
3553, 0.53
3554, 0.74
3555, 0.37
3556, 0.51
3557, 0.40
3558, 0.41
3559, 0.50
3560, 0.37
3561, 0.73
3562, 0.38
3563, 0.30
3564, 0.36
3565, 0.39
3566, 0.53
3567, 0.50
3568, 0.31
3569, 0.74
3570, 0.49
3571, 0.57
3572, 0.33
3573, 0.55
3574, 0.71
3575, 0.41
3576, 0.41
3577, 0.43
3578, 0.42
3579, 0.38
3580, 0.39
3581, 0.59
3582, 0.44
3583, 0.54
3584, 0.50
3585, 0.65
3586, 0.74
3587, 0.35
3588, 0.41
3589, 0.55
3590, 0.39
3591, 0.51
3592, 0.56
3593, 0.39
3594, 0.34
3595, 0.71
3596, 0.36
3597, 0.35
3598, 0.44
3599, 0.51
3600, 0.34
3601, 0.40
3602, 0.31
3603, 0.74
3604, 0.44
3605, 0.44
3606, 0.54
3607, 0.32
3608, 0.43
3609, 0.53
3610, 0.42
3611, 0.54
3612, 0.55
3613, 0.43
3614, 0.52
3615, 0.35
3616, 0.73
3617, 0.56
3618, 0.56
3619, 0.34
3620, 0.46
3621, 0.34
3622, 0.39
3623, 0.73
3624, 0.44
3625, 0.73
3626, 0.47
3627, 0.64
3628, 0.44
3629, 0.51
3630, 0.53
3631, 0.73
3632, 0.51
3633, 0.37
3634, 0.50
3635, 0.54
3636, 0.56
3637, 0.48
3638, 0.48
3639, 0.45
3640, 0.49
3641, 0.44
3642, 0.52
3643, 0.72
3644, 0.69
3645, 0.43
3646, 0.73
3647, 0.41
3648, 0.48
3649, 0.47
3650, 0.35
3651, 0.43
3652, 0.49
3653, 0.73
3654, 0.51
3655, 0.72
3656, 0.34
3657, 0.34
3658, 0.45
3659, 0.55
3660, 0.75
3661, 0.52
3662, 0.43
3663, 0.57
3664, 0.47
3665, 0.48
3666, 0.67
3667, 0.56
3668, 0.48
3669, 0.52
3670, 0.37
3671, 0.48
3672, 0.52
3673, 0.50
3674, 0.52
3675, 0.57
3676, 0.37
3677, 0.50
3678, 0.53
3679, 0.55
3680, 0.44
3681, 0.51
3682, 0.32
3683, 0.48
3684, 0.54
3685, 0.42
3686, 0.51
3687, 0.41
3688, 0.45
3689, 0.47
3690, 0.37
3691, 0.33
3692, 0.52
3693, 0.43
3694, 0.73
3695, 0.48
3696, 0.50
3697, 0.55
3698, 0.47
3699, 0.38
3700, 0.71
3701, 0.47
3702, 0.50
3703, 0.44
3704, 0.48
3705, 0.71
3706, 0.48
3707, 0.49
3708, 0.49
3709, 0.45
3710, 0.32
3711, 0.49
3712, 0.45
3713, 0.44
3714, 0.47
3715, 0.53
3716, 0.50
3717, 0.70
3718, 0.32
3719, 0.48
3720, 0.39
3721, 0.72
3722, 0.49
3723, 0.54
3724, 0.57
3725, 0.36
3726, 0.39
3727, 0.73
3728, 0.49
3729, 0.46
3730, 0.48
3731, 0.53
3732, 0.52
3733, 0.53
3734, 0.65
3735, 0.46
3736, 0.42
3737, 0.49
3738, 0.44
3739, 0.53
3740, 0.51
3741, 0.38
3742, 0.40
3743, 0.51
3744, 0.50
3745, 0.72
3746, 0.51
3747, 0.75
3748, 0.38
3749, 0.54
3750, 0.48
3751, 0.44
3752, 0.57
3753, 0.57
3754, 0.73
3755, 0.48
3756, 0.40
3757, 0.48
3758, 0.73
3759, 0.38
3760, 0.32
3761, 0.31
3762, 0.67
3763, 0.68
3764, 0.34
3765, 0.57
3766, 0.45
3767, 0.44
3768, 0.44
3769, 0.74
3770, 0.49
3771, 0.45
3772, 0.38
3773, 0.54
3774, 0.53
3775, 0.49
3776, 0.49
3777, 0.42
3778, 0.38
3779, 0.50
3780, 0.54
3781, 0.57
3782, 0.58
3783, 0.55
3784, 0.45
3785, 0.49
3786, 0.69
3787, 0.51
3788, 0.48
3789, 0.44
3790, 0.45
3791, 0.48
3792, 0.46
3793, 0.55
3794, 0.45
3795, 0.54
3796, 0.50
3797, 0.52
3798, 0.74
3799, 0.45
3800, 0.74
3801, 0.42
3802, 0.50
3803, 0.70
3804, 0.57
3805, 0.43
3806, 0.46
3807, 0.49
3808, 0.53
3809, 0.51
3810, 0.33
3811, 0.51
3812, 0.37
3813, 0.45
3814, 0.49
3815, 0.74
3816, 0.36
3817, 0.44
3818, 0.34
3819, 0.42
3820, 0.43
3821, 0.53
3822, 0.41
3823, 0.50
3824, 0.48
3825, 0.34
3826, 0.44
3827, 0.44
3828, 0.73
3829, 0.43
3830, 0.44
3831, 0.47
3832, 0.36
3833, 0.67
3834, 0.62
3835, 0.31
3836, 0.73
3837, 0.54
3838, 0.35
3839, 0.46
3840, 0.34
3841, 0.36
3842, 0.55
3843, 0.74
3844, 0.34
3845, 0.37
3846, 0.49
3847, 0.55
3848, 0.40
3849, 0.57
3850, 0.41
3851, 0.46
3852, 0.54
3853, 0.46
3854, 0.42
3855, 0.71
3856, 0.42
3857, 0.73
3858, 0.60
3859, 0.55
3860, 0.48
3861, 0.74
3862, 0.31
3863, 0.58
3864, 0.35
3865, 0.51
3866, 0.47
3867, 0.57
3868, 0.35
3869, 0.48
3870, 0.51
3871, 0.46
3872, 0.44
3873, 0.74
3874, 0.54
3875, 0.74
3876, 0.49
3877, 0.44
3878, 0.49
3879, 0.45
3880, 0.51
3881, 0.43
3882, 0.49
3883, 0.45
3884, 0.48
3885, 0.41
3886, 0.35
3887, 0.37
3888, 0.54
3889, 0.52
3890, 0.40
3891, 0.49
3892, 0.34
3893, 0.41
3894, 0.45
3895, 0.38
3896, 0.51
3897, 0.46
3898, 0.56
3899, 0.41
3900, 0.52
3901, 0.53
3902, 0.50
3903, 0.41
3904, 0.72
3905, 0.54
3906, 0.46
3907, 0.57
3908, 0.74
3909, 0.52
3910, 0.52
3911, 0.38
3912, 0.44
3913, 0.52
3914, 0.50
3915, 0.50
3916, 0.31
3917, 0.40
3918, 0.52
3919, 0.50
3920, 0.50
3921, 0.45
3922, 0.54
3923, 0.48
3924, 0.66
3925, 0.48
3926, 0.40
3927, 0.48
3928, 0.72
3929, 0.72
3930, 0.44
3931, 0.52
3932, 0.59
3933, 0.45
3934, 0.51
3935, 0.53
3936, 0.53
3937, 0.53
3938, 0.44
3939, 0.52
3940, 0.67
3941, 0.46
3942, 0.41
3943, 0.47
3944, 0.73
3945, 0.52
3946, 0.43
3947, 0.48
3948, 0.31
3949, 0.70
3950, 0.53
3951, 0.49
3952, 0.73
3953, 0.38
3954, 0.56
3955, 0.33
3956, 0.37
3957, 0.48
3958, 0.51
3959, 0.74
3960, 0.34
3961, 0.55
3962, 0.47
3963, 0.55
3964, 0.65
3965, 0.69
3966, 0.47
3967, 0.48
3968, 0.42
3969, 0.42
3970, 0.51
3971, 0.41
3972, 0.58
3973, 0.46
3974, 0.47
3975, 0.50
3976, 0.51
3977, 0.57
3978, 0.73
3979, 0.38
3980, 0.40
3981, 0.45
3982, 0.52
3983, 0.73
3984, 0.53
3985, 0.60
3986, 0.42
3987, 0.33
3988, 0.71
3989, 0.50
3990, 0.38
3991, 0.48
3992, 0.51
3993, 0.53
3994, 0.51
3995, 0.45
3996, 0.31
3997, 0.40
3998, 0.50
3999, 0.44
4000, 0.48
4001, 0.44
4002, 0.52
4003, 0.74
4004, 0.53
4005, 0.52
4006, 0.39
4007, 0.55
4008, 0.51
4009, 0.54
4010, 0.41
4011, 0.70
4012, 0.46
4013, 0.54
4014, 0.38
4015, 0.45
4016, 0.35
4017, 0.31
4018, 0.56
4019, 0.52
4020, 0.54
4021, 0.50
4022, 0.56
4023, 0.49
4024, 0.44
4025, 0.54
4026, 0.50
4027, 0.47
4028, 0.57
4029, 0.74
4030, 0.54
4031, 0.32
4032, 0.50
4033, 0.51
4034, 0.44
4035, 0.44
4036, 0.57
4037, 0.41
4038, 0.51
4039, 0.64
4040, 0.57
4041, 0.55
4042, 0.51
4043, 0.55
4044, 0.51
4045, 0.39
4046, 0.68
4047, 0.40
4048, 0.54
4049, 0.48
4050, 0.51
4051, 0.41
4052, 0.45
4053, 0.37
4054, 0.39
4055, 0.40
4056, 0.42
4057, 0.48
4058, 0.75
4059, 0.50
4060, 0.53
4061, 0.37
4062, 0.42
4063, 0.36
4064, 0.46
4065, 0.50
4066, 0.73
4067, 0.34
4068, 0.75
4069, 0.59
4070, 0.33
4071, 0.74
4072, 0.50
4073, 0.73
4074, 0.54
4075, 0.54
4076, 0.38
4077, 0.51
4078, 0.74
4079, 0.49
4080, 0.48
4081, 0.56
4082, 0.49
4083, 0.54
4084, 0.57
4085, 0.54
4086, 0.44
4087, 0.66
4088, 0.38
4089, 0.54
4090, 0.70
4091, 0.74
4092, 0.73
4093, 0.55
4094, 0.55
4095, 0.43
4096, 0.55
4097, 0.43
4098, 0.38
4099, 0.41
4100, 0.38
4101, 0.37
4102, 0.53
4103, 0.42
4104, 0.33
4105, 0.42
4106, 0.53
4107, 0.45
4108, 0.75
4109, 0.33
4110, 0.74
4111, 0.72
4112, 0.72
4113, 0.50
4114, 0.46
4115, 0.48
4116, 0.49
4117, 0.54
4118, 0.45
4119, 0.44
4120, 0.59
4121, 0.48
4122, 0.39
4123, 0.32
4124, 0.56
4125, 0.49
4126, 0.41
4127, 0.39
4128, 0.54
4129, 0.58
4130, 0.54
4131, 0.50
4132, 0.55
4133, 0.74
4134, 0.50
4135, 0.50
4136, 0.50
4137, 0.53
4138, 0.42
4139, 0.50
4140, 0.44
4141, 0.74
4142, 0.36
4143, 0.51
4144, 0.36
4145, 0.50
4146, 0.71
4147, 0.48
4148, 0.37
4149, 0.33
4150, 0.55
4151, 0.56
4152, 0.47
4153, 0.47
4154, 0.52
4155, 0.74
4156, 0.37
4157, 0.58
4158, 0.50
4159, 0.54
4160, 0.41
4161, 0.36
4162, 0.38
4163, 0.48
4164, 0.48
4165, 0.74
4166, 0.57
4167, 0.46
4168, 0.44
4169, 0.54
4170, 0.54
4171, 0.52
4172, 0.51
4173, 0.50
4174, 0.32
4175, 0.34
4176, 0.72
4177, 0.73
4178, 0.56
4179, 0.72
4180, 0.40
4181, 0.44
4182, 0.45
4183, 0.50
4184, 0.54
4185, 0.49
4186, 0.54
4187, 0.48
4188, 0.71
4189, 0.55
4190, 0.41
4191, 0.56
4192, 0.46
4193, 0.73
4194, 0.47
4195, 0.43
4196, 0.50
4197, 0.42
4198, 0.48
4199, 0.48
4200, 0.52
4201, 0.37
4202, 0.49
4203, 0.47
4204, 0.42
4205, 0.30
4206, 0.50
4207, 0.35
4208, 0.59
4209, 0.33
4210, 0.45
4211, 0.46
4212, 0.49
4213, 0.73
4214, 0.41
4215, 0.67
4216, 0.74
4217, 0.31
4218, 0.54
4219, 0.71
4220, 0.45
4221, 0.48
4222, 0.51
4223, 0.40
4224, 0.45
4225, 0.45
4226, 0.36
4227, 0.45
4228, 0.47
4229, 0.54
4230, 0.50
4231, 0.50
4232, 0.72
4233, 0.54
4234, 0.49
4235, 0.48
4236, 0.52
4237, 0.38
4238, 0.47
4239, 0.75
4240, 0.52
4241, 0.49
4242, 0.74
4243, 0.53
4244, 0.49
4245, 0.41
4246, 0.36
4247, 0.74
4248, 0.50
4249, 0.41
4250, 0.33
4251, 0.56
4252, 0.72
4253, 0.48
4254, 0.57
4255, 0.41
4256, 0.56
4257, 0.38
4258, 0.50
4259, 0.42
4260, 0.73
4261, 0.71
4262, 0.52
4263, 0.41
4264, 0.44
4265, 0.40
4266, 0.73
4267, 0.47
4268, 0.74
4269, 0.53
4270, 0.44
4271, 0.33
4272, 0.32
4273, 0.51
4274, 0.39
4275, 0.53
4276, 0.56
4277, 0.31
4278, 0.42
4279, 0.49
4280, 0.46
4281, 0.46
4282, 0.69
4283, 0.48
4284, 0.50
4285, 0.73
4286, 0.51
4287, 0.40
4288, 0.56
4289, 0.42
4290, 0.40
4291, 0.40
4292, 0.47
4293, 0.49
4294, 0.58
4295, 0.57
4296, 0.47
4297, 0.42
4298, 0.38
4299, 0.44
4300, 0.46
4301, 0.54
4302, 0.46
4303, 0.50
4304, 0.51
4305, 0.74
4306, 0.58
4307, 0.52
4308, 0.37
4309, 0.44
4310, 0.53
4311, 0.41
4312, 0.45
4313, 0.52
4314, 0.44
4315, 0.48
4316, 0.42
4317, 0.36
4318, 0.47
4319, 0.31
4320, 0.54
4321, 0.73
4322, 0.54
4323, 0.73
4324, 0.42
4325, 0.47
4326, 0.44
4327, 0.47
4328, 0.48
4329, 0.56
4330, 0.46
4331, 0.36
4332, 0.68
4333, 0.74
4334, 0.50
4335, 0.53
4336, 0.49
4337, 0.33
4338, 0.55
4339, 0.74
4340, 0.71
4341, 0.42
4342, 0.53
4343, 0.37
4344, 0.47
4345, 0.49
4346, 0.48
4347, 0.40
4348, 0.38
4349, 0.50
4350, 0.44
4351, 0.54
4352, 0.34
4353, 0.72
4354, 0.43
4355, 0.48
4356, 0.40
4357, 0.51
4358, 0.45
4359, 0.51
4360, 0.49
4361, 0.50
4362, 0.51
4363, 0.72
4364, 0.39
4365, 0.66
4366, 0.44
4367, 0.72
4368, 0.74
4369, 0.55
4370, 0.50
4371, 0.38
4372, 0.54
4373, 0.36
4374, 0.49
4375, 0.39
4376, 0.44
4377, 0.47
4378, 0.47
4379, 0.43
4380, 0.56
4381, 0.51
4382, 0.50
4383, 0.64
4384, 0.51
4385, 0.47
4386, 0.55
4387, 0.56
4388, 0.73
4389, 0.51
4390, 0.36
4391, 0.38
4392, 0.49
4393, 0.31
4394, 0.62
4395, 0.54
4396, 0.40
4397, 0.54
4398, 0.42
4399, 0.44
4400, 0.74
4401, 0.38
4402, 0.50
4403, 0.46
4404, 0.49
4405, 0.49
4406, 0.46
4407, 0.32
4408, 0.74
4409, 0.35
4410, 0.51
4411, 0.38
4412, 0.50
4413, 0.53
4414, 0.37
4415, 0.32
4416, 0.55
4417, 0.43
4418, 0.35
4419, 0.50
4420, 0.52
4421, 0.36
4422, 0.48
4423, 0.48
4424, 0.74
4425, 0.52
4426, 0.41
4427, 0.47
4428, 0.32
4429, 0.57
4430, 0.51
4431, 0.43
4432, 0.53
4433, 0.54
4434, 0.46
4435, 0.41
4436, 0.50
4437, 0.49
4438, 0.54
4439, 0.74
4440, 0.72
4441, 0.43
4442, 0.50
4443, 0.49
4444, 0.30
4445, 0.40
4446, 0.49
4447, 0.73
4448, 0.50
4449, 0.54
4450, 0.51
4451, 0.42
4452, 0.46
4453, 0.52
4454, 0.45
4455, 0.42
4456, 0.40
4457, 0.53
4458, 0.74
4459, 0.49
4460, 0.42
4461, 0.48
4462, 0.40
4463, 0.42
4464, 0.37
4465, 0.44
4466, 0.42
4467, 0.42
4468, 0.49
4469, 0.69
4470, 0.71
4471, 0.37
4472, 0.41
4473, 0.51
4474, 0.37
4475, 0.51
4476, 0.73
4477, 0.41
4478, 0.73
4479, 0.47
4480, 0.56
4481, 0.44
4482, 0.45
4483, 0.49
4484, 0.52
4485, 0.34
4486, 0.48
4487, 0.52
4488, 0.55
4489, 0.49
4490, 0.35
4491, 0.55
4492, 0.47
4493, 0.53
4494, 0.40
4495, 0.73
4496, 0.49
4497, 0.47
4498, 0.74
4499, 0.48
4500, 0.32
4501, 0.71
4502, 0.74
4503, 0.48
4504, 0.44
4505, 0.46
4506, 0.44
4507, 0.35
4508, 0.54
4509, 0.51
4510, 0.43
4511, 0.54
4512, 0.55
4513, 0.46
4514, 0.63
4515, 0.46
4516, 0.42
4517, 0.58
4518, 0.50
4519, 0.44
4520, 0.41
4521, 0.36
4522, 0.53
4523, 0.74
4524, 0.48
4525, 0.33
4526, 0.39
4527, 0.73
4528, 0.54
4529, 0.52
4530, 0.39
4531, 0.53
4532, 0.46
4533, 0.43
4534, 0.74
4535, 0.42
4536, 0.47
4537, 0.75
4538, 0.48
4539, 0.32
4540, 0.52
4541, 0.54
4542, 0.32
4543, 0.43
4544, 0.46
4545, 0.73
4546, 0.45
4547, 0.46
4548, 0.56
4549, 0.46
4550, 0.49
4551, 0.41
4552, 0.43
4553, 0.74
4554, 0.48
4555, 0.50
4556, 0.56
4557, 0.49
4558, 0.39
4559, 0.50
4560, 0.46
4561, 0.53
4562, 0.56
4563, 0.75
4564, 0.74
4565, 0.51
4566, 0.50
4567, 0.57
4568, 0.47
4569, 0.67
4570, 0.37
4571, 0.44
4572, 0.47
4573, 0.55
4574, 0.39
4575, 0.66
4576, 0.72
4577, 0.41
4578, 0.41
4579, 0.50
4580, 0.37
4581, 0.70
4582, 0.72
4583, 0.55
4584, 0.45
4585, 0.73
4586, 0.43
4587, 0.74
4588, 0.69
4589, 0.41
4590, 0.36
4591, 0.42
4592, 0.43
4593, 0.39
4594, 0.46
4595, 0.71
4596, 0.53
4597, 0.49
4598, 0.42
4599, 0.47
4600, 0.48
4601, 0.32
4602, 0.56
4603, 0.48
4604, 0.49
4605, 0.45
4606, 0.46
4607, 0.34
4608, 0.44
4609, 0.48
4610, 0.33
4611, 0.51
4612, 0.54
4613, 0.39
4614, 0.41
4615, 0.31
4616, 0.48
4617, 0.69
4618, 0.74
4619, 0.35
4620, 0.50
4621, 0.40
4622, 0.71
4623, 0.72
4624, 0.51
4625, 0.56
4626, 0.72
4627, 0.32
4628, 0.32
4629, 0.72
4630, 0.51
4631, 0.39
4632, 0.54
4633, 0.47
4634, 0.56
4635, 0.40
4636, 0.73
4637, 0.54
4638, 0.47
4639, 0.74
4640, 0.75
4641, 0.44
4642, 0.33
4643, 0.60
4644, 0.51
4645, 0.41
4646, 0.49
4647, 0.44
4648, 0.48
4649, 0.56
4650, 0.36
4651, 0.57
4652, 0.49
4653, 0.43
4654, 0.53
4655, 0.45
4656, 0.73
4657, 0.45
4658, 0.49
4659, 0.31
4660, 0.42
4661, 0.51
4662, 0.58
4663, 0.35
4664, 0.71
4665, 0.48
4666, 0.55
4667, 0.72
4668, 0.42
4669, 0.43
4670, 0.48
4671, 0.48
4672, 0.72
4673, 0.37
4674, 0.73
4675, 0.44
4676, 0.38
4677, 0.48
4678, 0.37
4679, 0.36
4680, 0.40
4681, 0.68
4682, 0.74
4683, 0.74
4684, 0.73
4685, 0.66
4686, 0.39
4687, 0.42
4688, 0.41
4689, 0.57
4690, 0.72
4691, 0.49
4692, 0.50
4693, 0.60
4694, 0.41
4695, 0.50
4696, 0.35
4697, 0.41
4698, 0.36
4699, 0.52
4700, 0.58
4701, 0.72
4702, 0.50
4703, 0.52
4704, 0.36
4705, 0.50
4706, 0.39
4707, 0.54
4708, 0.73
4709, 0.70
4710, 0.49
4711, 0.48
4712, 0.34
4713, 0.57
4714, 0.45
4715, 0.43
4716, 0.55
4717, 0.40
4718, 0.73
4719, 0.72
4720, 0.42
4721, 0.58
4722, 0.52
4723, 0.50
4724, 0.55
4725, 0.37
4726, 0.39
4727, 0.53
4728, 0.57
4729, 0.41
4730, 0.48
4731, 0.53
4732, 0.44
4733, 0.48
4734, 0.51
4735, 0.51
4736, 0.43
4737, 0.49
4738, 0.58
4739, 0.53
4740, 0.40
4741, 0.50
4742, 0.52
4743, 0.68
4744, 0.59
4745, 0.42
4746, 0.57
4747, 0.58
4748, 0.49
4749, 0.74
4750, 0.49
4751, 0.43
4752, 0.47
4753, 0.45
4754, 0.50
4755, 0.72
4756, 0.43
4757, 0.56
4758, 0.72
4759, 0.48
4760, 0.41
4761, 0.41
4762, 0.75
4763, 0.36
4764, 0.30
4765, 0.47
4766, 0.38
4767, 0.47
4768, 0.50
4769, 0.41
4770, 0.49
4771, 0.75
4772, 0.46
4773, 0.46
4774, 0.56
4775, 0.48
4776, 0.52
4777, 0.44
4778, 0.56
4779, 0.50
4780, 0.51
4781, 0.74
4782, 0.48
4783, 0.73
4784, 0.69
4785, 0.73
4786, 0.63
4787, 0.71
4788, 0.41
4789, 0.44
4790, 0.53
4791, 0.56
4792, 0.51
4793, 0.46
4794, 0.34
4795, 0.71
4796, 0.68
4797, 0.55
4798, 0.46
4799, 0.48
4800, 0.43
4801, 0.39
4802, 0.35
4803, 0.41
4804, 0.51
4805, 0.48
4806, 0.51
4807, 0.45
4808, 0.51
4809, 0.47
4810, 0.58
4811, 0.47
4812, 0.44
4813, 0.45
4814, 0.31
4815, 0.51
4816, 0.48
4817, 0.50
4818, 0.51
4819, 0.45
4820, 0.71
4821, 0.45
4822, 0.35
4823, 0.37
4824, 0.50
4825, 0.37
4826, 0.42
4827, 0.43
4828, 0.43
4829, 0.73
4830, 0.49
4831, 0.48
4832, 0.35
4833, 0.74
4834, 0.42
4835, 0.43
4836, 0.71
4837, 0.32
4838, 0.36
4839, 0.32
4840, 0.47
4841, 0.53
4842, 0.46
4843, 0.48
4844, 0.52
4845, 0.49
4846, 0.72
4847, 0.51
4848, 0.74
4849, 0.49
4850, 0.52
4851, 0.30
4852, 0.55
4853, 0.47
4854, 0.33
4855, 0.40
4856, 0.31
4857, 0.57
4858, 0.53
4859, 0.42
4860, 0.59
4861, 0.36
4862, 0.56
4863, 0.47
4864, 0.69
4865, 0.37
4866, 0.71
4867, 0.44
4868, 0.32
4869, 0.50
4870, 0.43
4871, 0.72
4872, 0.56
4873, 0.57
4874, 0.38
4875, 0.47
4876, 0.41
4877, 0.73
4878, 0.54
4879, 0.40
4880, 0.68
4881, 0.51
4882, 0.74
4883, 0.74
4884, 0.44
4885, 0.39
4886, 0.53
4887, 0.52
4888, 0.42
4889, 0.49
4890, 0.43
4891, 0.38
4892, 0.34
4893, 0.35
4894, 0.31
4895, 0.51
4896, 0.48
4897, 0.51
4898, 0.43
4899, 0.47
4900, 0.56
4901, 0.46
4902, 0.46
4903, 0.45
4904, 0.53
4905, 0.48
4906, 0.68
4907, 0.54
4908, 0.33
4909, 0.49
4910, 0.51
4911, 0.55
4912, 0.74
4913, 0.45
4914, 0.49
4915, 0.75
4916, 0.75
4917, 0.49
4918, 0.51
4919, 0.38
4920, 0.39
4921, 0.45
4922, 0.37
4923, 0.74
4924, 0.49
4925, 0.51
4926, 0.36
4927, 0.67
4928, 0.49
4929, 0.74
4930, 0.71
4931, 0.54
4932, 0.47
4933, 0.40
4934, 0.38
4935, 0.52
4936, 0.45
4937, 0.58
4938, 0.50
4939, 0.65
4940, 0.53
4941, 0.56
4942, 0.41
4943, 0.50
4944, 0.73
4945, 0.51
4946, 0.65
4947, 0.49
4948, 0.39
4949, 0.53
4950, 0.54
4951, 0.53
4952, 0.53
4953, 0.51
4954, 0.52
4955, 0.42
4956, 0.41
4957, 0.44
4958, 0.40
4959, 0.40
4960, 0.50
4961, 0.74
4962, 0.36
4963, 0.39
4964, 0.49
4965, 0.55
4966, 0.52
4967, 0.46
4968, 0.54
4969, 0.73
4970, 0.39
4971, 0.53
4972, 0.40
4973, 0.43
4974, 0.55
4975, 0.50
4976, 0.45
4977, 0.52
4978, 0.40
4979, 0.45
4980, 0.44
4981, 0.42
4982, 0.46
4983, 0.60
4984, 0.41
4985, 0.51
4986, 0.50
4987, 0.50
4988, 0.74
4989, 0.51
4990, 0.33
4991, 0.70
4992, 0.33
4993, 0.57
4994, 0.48
4995, 0.48
4996, 0.42
4997, 0.44
4998, 0.43
4999, 0.50
5000, 0.74
5001, 0.36
5002, 0.53
5003, 0.50
5004, 0.36
5005, 0.37
5006, 0.55
5007, 0.44
5008, 0.46
5009, 0.43
5010, 0.50
5011, 0.32
5012, 0.48
5013, 0.52
5014, 0.73
5015, 0.37
5016, 0.47
5017, 0.42
5018, 0.69
5019, 0.50
5020, 0.65
5021, 0.32
5022, 0.68
5023, 0.72
5024, 0.55
5025, 0.50
5026, 0.53
5027, 0.56
5028, 0.44
5029, 0.31
5030, 0.43
5031, 0.51
5032, 0.42
5033, 0.58
5034, 0.38
5035, 0.52
5036, 0.51
5037, 0.39
5038, 0.56
5039, 0.45
5040, 0.55
5041, 0.52
5042, 0.69
5043, 0.32
5044, 0.54
5045, 0.46
5046, 0.65
5047, 0.47
5048, 0.41
5049, 0.48
5050, 0.51
5051, 0.42
5052, 0.39
5053, 0.74
5054, 0.49
5055, 0.49
5056, 0.45
5057, 0.32
5058, 0.46
5059, 0.73
5060, 0.74
5061, 0.38
5062, 0.56
5063, 0.54
5064, 0.49
5065, 0.36
5066, 0.41
5067, 0.56
5068, 0.47
5069, 0.52
5070, 0.52
5071, 0.55
5072, 0.49
5073, 0.68
5074, 0.41
5075, 0.48
5076, 0.48
5077, 0.51
5078, 0.72
5079, 0.73
5080, 0.54
5081, 0.39
5082, 0.40
5083, 0.40
5084, 0.51
5085, 0.72
5086, 0.52
5087, 0.49
5088, 0.58
5089, 0.73
5090, 0.43
5091, 0.44
5092, 0.49
5093, 0.43
5094, 0.37
5095, 0.49
5096, 0.41
5097, 0.37
5098, 0.40
5099, 0.52
5100, 0.56
5101, 0.55
5102, 0.37
5103, 0.56
5104, 0.53
5105, 0.51
5106, 0.48
5107, 0.52
5108, 0.48
5109, 0.73
5110, 0.32
5111, 0.46
5112, 0.41
5113, 0.34
5114, 0.44
5115, 0.50
5116, 0.43
5117, 0.74
5118, 0.46
5119, 0.40
5120, 0.57
5121, 0.56
5122, 0.46
5123, 0.41
5124, 0.44
5125, 0.72
5126, 0.52
5127, 0.30
5128, 0.53
5129, 0.49
5130, 0.46
5131, 0.31
5132, 0.40
5133, 0.52
5134, 0.49
5135, 0.53
5136, 0.38
5137, 0.43
5138, 0.54
5139, 0.42
5140, 0.70
5141, 0.53
5142, 0.73
5143, 0.43
5144, 0.64
5145, 0.60
5146, 0.57
5147, 0.48
5148, 0.54
5149, 0.43
5150, 0.48
5151, 0.52
5152, 0.31
5153, 0.53
5154, 0.39
5155, 0.39
5156, 0.37
5157, 0.56
5158, 0.53
5159, 0.54
5160, 0.37
5161, 0.48
5162, 0.45
5163, 0.40
5164, 0.56
5165, 0.49
5166, 0.45
5167, 0.45
5168, 0.40
5169, 0.55
5170, 0.58
5171, 0.66
5172, 0.38
5173, 0.42
5174, 0.55
5175, 0.37
5176, 0.74
5177, 0.54
5178, 0.55
5179, 0.40
5180, 0.56
5181, 0.73
5182, 0.38
5183, 0.42
5184, 0.73
5185, 0.74
5186, 0.45
5187, 0.38
5188, 0.34
5189, 0.40
5190, 0.50
5191, 0.48
5192, 0.48
5193, 0.45
5194, 0.56
5195, 0.74
5196, 0.52
5197, 0.38
5198, 0.51
5199, 0.41
5200, 0.74
5201, 0.46
5202, 0.45
5203, 0.49
5204, 0.32
5205, 0.50
5206, 0.46
5207, 0.73
5208, 0.45
5209, 0.52
5210, 0.47
5211, 0.46
5212, 0.49
5213, 0.72
5214, 0.41
5215, 0.38
5216, 0.32
5217, 0.40
5218, 0.38
5219, 0.53
5220, 0.54
5221, 0.35
5222, 0.39
5223, 0.49
5224, 0.54
5225, 0.41
5226, 0.52
5227, 0.36
5228, 0.51
5229, 0.37
5230, 0.44
5231, 0.35
5232, 0.58
5233, 0.56
5234, 0.36
5235, 0.68
5236, 0.52
5237, 0.49
5238, 0.37
5239, 0.49
5240, 0.55
5241, 0.63
5242, 0.35
5243, 0.45
5244, 0.74
5245, 0.36
5246, 0.71
5247, 0.68
5248, 0.50
5249, 0.47
5250, 0.52
5251, 0.47
5252, 0.52
5253, 0.34
5254, 0.40
5255, 0.38
5256, 0.52
5257, 0.32
5258, 0.50
5259, 0.54
5260, 0.46
5261, 0.73
5262, 0.52
5263, 0.47
5264, 0.45
5265, 0.44
5266, 0.50
5267, 0.74
5268, 0.33
5269, 0.53
5270, 0.55
5271, 0.51
5272, 0.74
5273, 0.38
5274, 0.55
5275, 0.49
5276, 0.52
5277, 0.39
5278, 0.46
5279, 0.58
5280, 0.48
5281, 0.74
5282, 0.47
5283, 0.73
5284, 0.66
5285, 0.47
5286, 0.31
5287, 0.50
5288, 0.70
5289, 0.56
5290, 0.50
5291, 0.74
5292, 0.47
5293, 0.44
5294, 0.31
5295, 0.32
5296, 0.33
5297, 0.50
5298, 0.46
5299, 0.73
5300, 0.50
5301, 0.49
5302, 0.41
5303, 0.67
5304, 0.51
5305, 0.48
5306, 0.50
5307, 0.45
5308, 0.72
5309, 0.57
5310, 0.44
5311, 0.43
5312, 0.48
5313, 0.50
5314, 0.65
5315, 0.73
5316, 0.49
5317, 0.30
5318, 0.49
5319, 0.73
5320, 0.70
5321, 0.51
5322, 0.55
5323, 0.40
5324, 0.47
5325, 0.48
5326, 0.40
5327, 0.57
5328, 0.48
5329, 0.44
5330, 0.49
5331, 0.48
5332, 0.33
5333, 0.43
5334, 0.40
5335, 0.47
5336, 0.54
5337, 0.43
5338, 0.41
5339, 0.33
5340, 0.30
5341, 0.50
5342, 0.44
5343, 0.48
5344, 0.47
5345, 0.53
5346, 0.53
5347, 0.51
5348, 0.53
5349, 0.47
5350, 0.50
5351, 0.71
5352, 0.58
5353, 0.53
5354, 0.43
5355, 0.73
5356, 0.73
5357, 0.49
5358, 0.55
5359, 0.42
5360, 0.41
5361, 0.62
5362, 0.58
5363, 0.47
5364, 0.46
5365, 0.50
5366, 0.40
5367, 0.73
5368, 0.48
5369, 0.44
5370, 0.74
5371, 0.50
5372, 0.34
5373, 0.47
5374, 0.41
5375, 0.68
5376, 0.33
5377, 0.62
5378, 0.69
5379, 0.41
5380, 0.44
5381, 0.38
5382, 0.46
5383, 0.50
5384, 0.50
5385, 0.45
5386, 0.51
5387, 0.40
5388, 0.37
5389, 0.49
5390, 0.43
5391, 0.50
5392, 0.51
5393, 0.72
5394, 0.51
5395, 0.51
5396, 0.74
5397, 0.51
5398, 0.47
5399, 0.42
5400, 0.49
5401, 0.38
5402, 0.46
5403, 0.43
5404, 0.44
5405, 0.38
5406, 0.54
5407, 0.38
5408, 0.52
5409, 0.53
5410, 0.36
5411, 0.32
5412, 0.73
5413, 0.50
5414, 0.66
5415, 0.53
5416, 0.51
5417, 0.39
5418, 0.32
5419, 0.72
5420, 0.41
5421, 0.52
5422, 0.43
5423, 0.68
5424, 0.41
5425, 0.53
5426, 0.51
5427, 0.48
5428, 0.52
5429, 0.40
5430, 0.43
5431, 0.53
5432, 0.65
5433, 0.52
5434, 0.74
5435, 0.51
5436, 0.51
5437, 0.54
5438, 0.50
5439, 0.51
5440, 0.39
5441, 0.72
5442, 0.56
5443, 0.44
5444, 0.51
5445, 0.46
5446, 0.73
5447, 0.55
5448, 0.54
5449, 0.50
5450, 0.44
5451, 0.67
5452, 0.47
5453, 0.73
5454, 0.56
5455, 0.73
5456, 0.54
5457, 0.73
5458, 0.59
5459, 0.73
5460, 0.54
5461, 0.51
5462, 0.41
5463, 0.53
5464, 0.57
5465, 0.39
5466, 0.46
5467, 0.41
5468, 0.47
5469, 0.43
5470, 0.38
5471, 0.46
5472, 0.70
5473, 0.48
5474, 0.49
5475, 0.41
5476, 0.50
5477, 0.57
5478, 0.54
5479, 0.74
5480, 0.44
5481, 0.44
5482, 0.42
5483, 0.49
5484, 0.51
5485, 0.32
5486, 0.59
5487, 0.73
5488, 0.33
5489, 0.52
5490, 0.74
5491, 0.50
5492, 0.65
5493, 0.52
5494, 0.55
5495, 0.46
5496, 0.75
5497, 0.52
5498, 0.53
5499, 0.46
5500, 0.74
5501, 0.51
5502, 0.53
5503, 0.55
5504, 0.47
5505, 0.52
5506, 0.56
5507, 0.59
5508, 0.47
5509, 0.52
5510, 0.56
5511, 0.51
5512, 0.54
5513, 0.56
5514, 0.73
5515, 0.53
5516, 0.55
5517, 0.46
5518, 0.39
5519, 0.56
5520, 0.68
5521, 0.47
5522, 0.42
5523, 0.54
5524, 0.74
5525, 0.49
5526, 0.42
5527, 0.43
5528, 0.34
5529, 0.53
5530, 0.36
5531, 0.39
5532, 0.53
5533, 0.56
5534, 0.46
5535, 0.54
5536, 0.41
5537, 0.58
5538, 0.73
5539, 0.49
5540, 0.37
5541, 0.31
5542, 0.71
5543, 0.64
5544, 0.74
5545, 0.34
5546, 0.55
5547, 0.43
5548, 0.46
5549, 0.38
5550, 0.35
5551, 0.49
5552, 0.40
5553, 0.38
5554, 0.71
5555, 0.59
5556, 0.48
5557, 0.44
5558, 0.40
5559, 0.54
5560, 0.49
5561, 0.32
5562, 0.56
5563, 0.49
5564, 0.54
5565, 0.42
5566, 0.32
5567, 0.30
5568, 0.49
5569, 0.51
5570, 0.39
5571, 0.53
5572, 0.74
5573, 0.74
5574, 0.48
5575, 0.50
5576, 0.60
5577, 0.32
5578, 0.57
5579, 0.33
5580, 0.52
5581, 0.45
5582, 0.39
5583, 0.59
5584, 0.48
5585, 0.57
5586, 0.50
5587, 0.34
5588, 0.49
5589, 0.57
5590, 0.48
5591, 0.55
5592, 0.50
5593, 0.45
5594, 0.72
5595, 0.56
5596, 0.38
5597, 0.37
5598, 0.57
5599, 0.75
5600, 0.50
5601, 0.50
5602, 0.53
5603, 0.53
5604, 0.43
5605, 0.64
5606, 0.32
5607, 0.47
5608, 0.33
5609, 0.45
5610, 0.40
5611, 0.58
5612, 0.57
5613, 0.36
5614, 0.53
5615, 0.32
5616, 0.33
5617, 0.48
5618, 0.37
5619, 0.45
5620, 0.45
5621, 0.75
5622, 0.39
5623, 0.46
5624, 0.49
5625, 0.53
5626, 0.43
5627, 0.55
5628, 0.42
5629, 0.40
5630, 0.48
5631, 0.55
5632, 0.49
5633, 0.74
5634, 0.48
5635, 0.72
5636, 0.32
5637, 0.35
5638, 0.50
5639, 0.49
5640, 0.52
5641, 0.45
5642, 0.57
5643, 0.52
5644, 0.73
5645, 0.37
5646, 0.37
5647, 0.34
5648, 0.39
5649, 0.48
5650, 0.53
5651, 0.44
5652, 0.54
5653, 0.33
5654, 0.32
5655, 0.42
5656, 0.42
5657, 0.48
5658, 0.75
5659, 0.47
5660, 0.71
5661, 0.38
5662, 0.73
5663, 0.52
5664, 0.55
5665, 0.43
5666, 0.57
5667, 0.56
5668, 0.45
5669, 0.34
5670, 0.50
5671, 0.56
5672, 0.59
5673, 0.37
5674, 0.42
5675, 0.74
5676, 0.51
5677, 0.49
5678, 0.50
5679, 0.54
5680, 0.38
5681, 0.38
5682, 0.48
5683, 0.51
5684, 0.74
5685, 0.49
5686, 0.47
5687, 0.67
5688, 0.72
5689, 0.44
5690, 0.32
5691, 0.51
5692, 0.51
5693, 0.51
5694, 0.47
5695, 0.31
5696, 0.36
5697, 0.53
5698, 0.52
5699, 0.44
5700, 0.34
5701, 0.74
5702, 0.45
5703, 0.74
5704, 0.72
5705, 0.72
5706, 0.65
5707, 0.49
5708, 0.44
5709, 0.66
5710, 0.73
5711, 0.40
5712, 0.51
5713, 0.40
5714, 0.49
5715, 0.46
5716, 0.58
5717, 0.49
5718, 0.48
5719, 0.34
5720, 0.51
5721, 0.49
5722, 0.43
5723, 0.49
5724, 0.43
5725, 0.50
5726, 0.51
5727, 0.32
5728, 0.50
5729, 0.41
5730, 0.49
5731, 0.54
5732, 0.45
5733, 0.70
5734, 0.50
5735, 0.45
5736, 0.73
5737, 0.48
5738, 0.51
5739, 0.65
5740, 0.36
5741, 0.49
5742, 0.43
5743, 0.53
5744, 0.36
5745, 0.68
5746, 0.43
5747, 0.57
5748, 0.45
5749, 0.73
5750, 0.51
5751, 0.67
5752, 0.53
5753, 0.43
5754, 0.50
5755, 0.50
5756, 0.72
5757, 0.50
5758, 0.51
5759, 0.50
5760, 0.33
5761, 0.55
5762, 0.47
5763, 0.53
5764, 0.36
5765, 0.49
5766, 0.42
5767, 0.44
5768, 0.36
5769, 0.74
5770, 0.58
5771, 0.43
5772, 0.53
5773, 0.55
5774, 0.53
5775, 0.47
5776, 0.55
5777, 0.48
5778, 0.34
5779, 0.40
5780, 0.56
5781, 0.47
5782, 0.57
5783, 0.48
5784, 0.47
5785, 0.52
5786, 0.73
5787, 0.55
5788, 0.59
5789, 0.34
5790, 0.72
5791, 0.34
5792, 0.44
5793, 0.55
5794, 0.34
5795, 0.41
5796, 0.32
5797, 0.46
5798, 0.55
5799, 0.51
5800, 0.37
5801, 0.31
5802, 0.54
5803, 0.42
5804, 0.52
5805, 0.74
5806, 0.50
5807, 0.52
5808, 0.32
5809, 0.43
5810, 0.58
5811, 0.41
5812, 0.42
5813, 0.53
5814, 0.52
5815, 0.35
5816, 0.45
5817, 0.41
5818, 0.70
5819, 0.51
5820, 0.51
5821, 0.56
5822, 0.63
5823, 0.47
5824, 0.61
5825, 0.57
5826, 0.72
5827, 0.46
5828, 0.43
5829, 0.41
5830, 0.47
5831, 0.53
5832, 0.59
5833, 0.45
5834, 0.51
5835, 0.34
5836, 0.32
5837, 0.58
5838, 0.53
5839, 0.68
5840, 0.38
5841, 0.49
5842, 0.57
5843, 0.73
5844, 0.49
5845, 0.73
5846, 0.54
5847, 0.38
5848, 0.40
5849, 0.39
5850, 0.40
5851, 0.48
5852, 0.52
5853, 0.54
5854, 0.36
5855, 0.54
5856, 0.43
5857, 0.68
5858, 0.42
5859, 0.38
5860, 0.53
5861, 0.33
5862, 0.51
5863, 0.58
5864, 0.74
5865, 0.56
5866, 0.43
5867, 0.74
5868, 0.40
5869, 0.37
5870, 0.35
5871, 0.55
5872, 0.65
5873, 0.72
5874, 0.49
5875, 0.44
5876, 0.38
5877, 0.73
5878, 0.55
5879, 0.52
5880, 0.56
5881, 0.36
5882, 0.30
5883, 0.73
5884, 0.72
5885, 0.52
5886, 0.44
5887, 0.45
5888, 0.40
5889, 0.43
5890, 0.50
5891, 0.40
5892, 0.46
5893, 0.38
5894, 0.49
5895, 0.50
5896, 0.56
5897, 0.53
5898, 0.54
5899, 0.40
5900, 0.47
5901, 0.43
5902, 0.54
5903, 0.53
5904, 0.38
5905, 0.66
5906, 0.51
5907, 0.53
5908, 0.45
5909, 0.38
5910, 0.74
5911, 0.32
5912, 0.40
5913, 0.72
5914, 0.42
5915, 0.40
5916, 0.44
5917, 0.49
5918, 0.36
5919, 0.54
5920, 0.49
5921, 0.45
5922, 0.50
5923, 0.72
5924, 0.35
5925, 0.48
5926, 0.57
5927, 0.34
5928, 0.55
5929, 0.55
5930, 0.51
5931, 0.52
5932, 0.67
5933, 0.74
5934, 0.46
5935, 0.38
5936, 0.36
5937, 0.56
5938, 0.51
5939, 0.37
5940, 0.33
5941, 0.74
5942, 0.45
5943, 0.43
5944, 0.63
5945, 0.74
5946, 0.44
5947, 0.49
5948, 0.47
5949, 0.66
5950, 0.33
5951, 0.52
5952, 0.42
5953, 0.33
5954, 0.54
5955, 0.48
5956, 0.46
5957, 0.35
5958, 0.43
5959, 0.43
5960, 0.46
5961, 0.49
5962, 0.53
5963, 0.69
5964, 0.71
5965, 0.49
5966, 0.67
5967, 0.51
5968, 0.55
5969, 0.38
5970, 0.50
5971, 0.49
5972, 0.72
5973, 0.43
5974, 0.50
5975, 0.47
5976, 0.31
5977, 0.33
5978, 0.51
5979, 0.45
5980, 0.56
5981, 0.43
5982, 0.50
5983, 0.49
5984, 0.43
5985, 0.51
5986, 0.54
5987, 0.47
5988, 0.71
5989, 0.50
5990, 0.75
5991, 0.73
5992, 0.55
5993, 0.48
5994, 0.49
5995, 0.74
5996, 0.47
5997, 0.50
5998, 0.47
5999, 0.51
6000, 0.75
6001, 0.50
6002, 0.74
6003, 0.69
6004, 0.40
6005, 0.55
6006, 0.33
6007, 0.45
6008, 0.50
6009, 0.56
6010, 0.50
6011, 0.43
6012, 0.48
6013, 0.53
6014, 0.53
6015, 0.54
6016, 0.47
6017, 0.51
6018, 0.55
6019, 0.53
6020, 0.54
6021, 0.42
6022, 0.32
6023, 0.54
6024, 0.50
6025, 0.47
6026, 0.41
6027, 0.73
6028, 0.52
6029, 0.47
6030, 0.59
6031, 0.44
6032, 0.73
6033, 0.46
6034, 0.50
6035, 0.47
6036, 0.74
6037, 0.49
6038, 0.41
6039, 0.42
6040, 0.52
6041, 0.37
6042, 0.46
6043, 0.57
6044, 0.57
6045, 0.34
6046, 0.57
6047, 0.71
6048, 0.51
6049, 0.38
6050, 0.73
6051, 0.52
6052, 0.51
6053, 0.56
6054, 0.55
6055, 0.55
6056, 0.49
6057, 0.50
6058, 0.72
6059, 0.52
6060, 0.40
6061, 0.50
6062, 0.49
6063, 0.38
6064, 0.48
6065, 0.51
6066, 0.53
6067, 0.49
6068, 0.55
6069, 0.53
6070, 0.49
6071, 0.74
6072, 0.43
6073, 0.70
6074, 0.34
6075, 0.41
6076, 0.38
6077, 0.49
6078, 0.56
6079, 0.38
6080, 0.44
6081, 0.47
6082, 0.40
6083, 0.55
6084, 0.53
6085, 0.49
6086, 0.46
6087, 0.48
6088, 0.55
6089, 0.46
6090, 0.42
6091, 0.48
6092, 0.36
6093, 0.58
6094, 0.50
6095, 0.35
6096, 0.51
6097, 0.50
6098, 0.46
6099, 0.51
6100, 0.58
6101, 0.49
6102, 0.40
6103, 0.71
6104, 0.32
6105, 0.36
6106, 0.58
6107, 0.50
6108, 0.37
6109, 0.46
6110, 0.44
6111, 0.56
6112, 0.33
6113, 0.50
6114, 0.51
6115, 0.41
6116, 0.51
6117, 0.56
6118, 0.53
6119, 0.42
6120, 0.36
6121, 0.71
6122, 0.30
6123, 0.32
6124, 0.47
6125, 0.57
6126, 0.51
6127, 0.45
6128, 0.54
6129, 0.45
6130, 0.45
6131, 0.73
6132, 0.51
6133, 0.55
6134, 0.39
6135, 0.53
6136, 0.52
6137, 0.51
6138, 0.49
6139, 0.71
6140, 0.52
6141, 0.69
6142, 0.72
6143, 0.44
6144, 0.48
6145, 0.54
6146, 0.58
6147, 0.45
6148, 0.45
6149, 0.39
6150, 0.55
6151, 0.42
6152, 0.43
6153, 0.57
6154, 0.74
6155, 0.38
6156, 0.32
6157, 0.54
6158, 0.42
6159, 0.41
6160, 0.46
6161, 0.31
6162, 0.57
6163, 0.52
6164, 0.49
6165, 0.51
6166, 0.48
6167, 0.48
6168, 0.55
6169, 0.46
6170, 0.49
6171, 0.75
6172, 0.50
6173, 0.52
6174, 0.38
6175, 0.54
6176, 0.41
6177, 0.47
6178, 0.32
6179, 0.55
6180, 0.52
6181, 0.33
6182, 0.74
6183, 0.51
6184, 0.46
6185, 0.45
6186, 0.56
6187, 0.56
6188, 0.52
6189, 0.73
6190, 0.55
6191, 0.50
6192, 0.54
6193, 0.73
6194, 0.35
6195, 0.51
6196, 0.57
6197, 0.74
6198, 0.47
6199, 0.59
6200, 0.40
6201, 0.59
6202, 0.38
6203, 0.35
6204, 0.73
6205, 0.46
6206, 0.72
6207, 0.46
6208, 0.51
6209, 0.38
6210, 0.42
6211, 0.54
6212, 0.47
6213, 0.32
6214, 0.47
6215, 0.45
6216, 0.51
6217, 0.49
6218, 0.30
6219, 0.74
6220, 0.40
6221, 0.43
6222, 0.45
6223, 0.73
6224, 0.33
6225, 0.52
6226, 0.58
6227, 0.51
6228, 0.51
6229, 0.72
6230, 0.74
6231, 0.52
6232, 0.32
6233, 0.56
6234, 0.73
6235, 0.47
6236, 0.47
6237, 0.47
6238, 0.55
6239, 0.54
6240, 0.45
6241, 0.54
6242, 0.56
6243, 0.43
6244, 0.57
6245, 0.45
6246, 0.45
6247, 0.44
6248, 0.50
6249, 0.45
6250, 0.73
6251, 0.52
6252, 0.47
6253, 0.46
6254, 0.40
6255, 0.48
6256, 0.52
6257, 0.48
6258, 0.50
6259, 0.46
6260, 0.54
6261, 0.47
6262, 0.55
6263, 0.52
6264, 0.37
6265, 0.34
6266, 0.74
6267, 0.49
6268, 0.70
6269, 0.45
6270, 0.46
6271, 0.50
6272, 0.41
6273, 0.34
6274, 0.39
6275, 0.54
6276, 0.51
6277, 0.59
6278, 0.44
6279, 0.43
6280, 0.75
6281, 0.37
6282, 0.39
6283, 0.34
6284, 0.47
6285, 0.54
6286, 0.50
6287, 0.54
6288, 0.51
6289, 0.38
6290, 0.71
6291, 0.43
6292, 0.44
6293, 0.51
6294, 0.40
6295, 0.67
6296, 0.74
6297, 0.45
6298, 0.44
6299, 0.72
6300, 0.51
6301, 0.52
6302, 0.42
6303, 0.37
6304, 0.74
6305, 0.45
6306, 0.55
6307, 0.57
6308, 0.43
6309, 0.39
6310, 0.49
6311, 0.37
6312, 0.30
6313, 0.52
6314, 0.40
6315, 0.49
6316, 0.65
6317, 0.48
6318, 0.48
6319, 0.44
6320, 0.70
6321, 0.52
6322, 0.51
6323, 0.41
6324, 0.74
6325, 0.45
6326, 0.35
6327, 0.52
6328, 0.32
6329, 0.45
6330, 0.56
6331, 0.41
6332, 0.48
6333, 0.53
6334, 0.43
6335, 0.57
6336, 0.51
6337, 0.39
6338, 0.48
6339, 0.41
6340, 0.32
6341, 0.55
6342, 0.46
6343, 0.38
6344, 0.74
6345, 0.43
6346, 0.73
6347, 0.54
6348, 0.74
6349, 0.53
6350, 0.39
6351, 0.47
6352, 0.72
6353, 0.44
6354, 0.45
6355, 0.56
6356, 0.39
6357, 0.72
6358, 0.38
6359, 0.54
6360, 0.73
6361, 0.38
6362, 0.51
6363, 0.72
6364, 0.40
6365, 0.42
6366, 0.31
6367, 0.46
6368, 0.33
6369, 0.73
6370, 0.50
6371, 0.66
6372, 0.32
6373, 0.56
6374, 0.51
6375, 0.32
6376, 0.71
6377, 0.55
6378, 0.72
6379, 0.55
6380, 0.37
6381, 0.50
6382, 0.44
6383, 0.53
6384, 0.45
6385, 0.50
6386, 0.49
6387, 0.39
6388, 0.44
6389, 0.54
6390, 0.58
6391, 0.51
6392, 0.39
6393, 0.57
6394, 0.39
6395, 0.38
6396, 0.73
6397, 0.32
6398, 0.49
6399, 0.36
6400, 0.44
6401, 0.48
6402, 0.33
6403, 0.44
6404, 0.72
6405, 0.41
6406, 0.49
6407, 0.67
6408, 0.49
6409, 0.40
6410, 0.46
6411, 0.44
6412, 0.55
6413, 0.37
6414, 0.53
6415, 0.57
6416, 0.47
6417, 0.33
6418, 0.36
6419, 0.50
6420, 0.56
6421, 0.61
6422, 0.36
6423, 0.33
6424, 0.43
6425, 0.48
6426, 0.67
6427, 0.42
6428, 0.40
6429, 0.54
6430, 0.72
6431, 0.34
6432, 0.43
6433, 0.37
6434, 0.40
6435, 0.33
6436, 0.32
6437, 0.51
6438, 0.50
6439, 0.42
6440, 0.46
6441, 0.48
6442, 0.47
6443, 0.51
6444, 0.36
6445, 0.33
6446, 0.52
6447, 0.54
6448, 0.73
6449, 0.52
6450, 0.38
6451, 0.51
6452, 0.53
6453, 0.58
6454, 0.47
6455, 0.44
6456, 0.65
6457, 0.43
6458, 0.44
6459, 0.53
6460, 0.34
6461, 0.51
6462, 0.47
6463, 0.41
6464, 0.55
6465, 0.41
6466, 0.42
6467, 0.63
6468, 0.67
6469, 0.56
6470, 0.39
6471, 0.58
6472, 0.46
6473, 0.43
6474, 0.50
6475, 0.50
6476, 0.73
6477, 0.49
6478, 0.38
6479, 0.45
6480, 0.40
6481, 0.52
6482, 0.43
6483, 0.43
6484, 0.55
6485, 0.49
6486, 0.37
6487, 0.46
6488, 0.73
6489, 0.34
6490, 0.41
6491, 0.47
6492, 0.32
6493, 0.58
6494, 0.44
6495, 0.47
6496, 0.43
6497, 0.48
6498, 0.34
6499, 0.52
6500, 0.47
6501, 0.49
6502, 0.48
6503, 0.46
6504, 0.34
6505, 0.51
6506, 0.50
6507, 0.55
6508, 0.55
6509, 0.50
6510, 0.52
6511, 0.71
6512, 0.74
6513, 0.43
6514, 0.45
6515, 0.50
6516, 0.40
6517, 0.49
6518, 0.41
6519, 0.40
6520, 0.36
6521, 0.57
6522, 0.58
6523, 0.42
6524, 0.40
6525, 0.45
6526, 0.52
6527, 0.59
6528, 0.74
6529, 0.55
6530, 0.74
6531, 0.44
6532, 0.34
6533, 0.50
6534, 0.58
6535, 0.32
6536, 0.72
6537, 0.51
6538, 0.46
6539, 0.46
6540, 0.55
6541, 0.53
6542, 0.45
6543, 0.72
6544, 0.53
6545, 0.42
6546, 0.45
6547, 0.42
6548, 0.47
6549, 0.73
6550, 0.42
6551, 0.51
6552, 0.31
6553, 0.58
6554, 0.42
6555, 0.46
6556, 0.45
6557, 0.48
6558, 0.56
6559, 0.45
6560, 0.38
6561, 0.49
6562, 0.49
6563, 0.49
6564, 0.39
6565, 0.56
6566, 0.32
6567, 0.73
6568, 0.54
6569, 0.31
6570, 0.47
6571, 0.67
6572, 0.53
6573, 0.48
6574, 0.74
6575, 0.45
6576, 0.35
6577, 0.52
6578, 0.55
6579, 0.40
6580, 0.47
6581, 0.44
6582, 0.42
6583, 0.59
6584, 0.54
6585, 0.44
6586, 0.46
6587, 0.36
6588, 0.45
6589, 0.48
6590, 0.41
6591, 0.41
6592, 0.75
6593, 0.44
6594, 0.45
6595, 0.59
6596, 0.50
6597, 0.53
6598, 0.48
6599, 0.47
6600, 0.49
6601, 0.49
6602, 0.49
6603, 0.39
6604, 0.43
6605, 0.35
6606, 0.41
6607, 0.47
6608, 0.48
6609, 0.52
6610, 0.33
6611, 0.33
6612, 0.34
6613, 0.52
6614, 0.49
6615, 0.56
6616, 0.30
6617, 0.73
6618, 0.35
6619, 0.62
6620, 0.44
6621, 0.32
6622, 0.49
6623, 0.39
6624, 0.43
6625, 0.49
6626, 0.45
6627, 0.48
6628, 0.54
6629, 0.56
6630, 0.72
6631, 0.47
6632, 0.55
6633, 0.54
6634, 0.42
6635, 0.71
6636, 0.43
6637, 0.73
6638, 0.44
6639, 0.74
6640, 0.54
6641, 0.72
6642, 0.41
6643, 0.31
6644, 0.38
6645, 0.47
6646, 0.38
6647, 0.46
6648, 0.35
6649, 0.36
6650, 0.37
6651, 0.60
6652, 0.48
6653, 0.49
6654, 0.50
6655, 0.51
6656, 0.46
6657, 0.55
6658, 0.55
6659, 0.54
6660, 0.70
6661, 0.49
6662, 0.54
6663, 0.48
6664, 0.52
6665, 0.56
6666, 0.51
6667, 0.50
6668, 0.57
6669, 0.53
6670, 0.57
6671, 0.70
6672, 0.48
6673, 0.33
6674, 0.55
6675, 0.37
6676, 0.60
6677, 0.47
6678, 0.58
6679, 0.54
6680, 0.35
6681, 0.57
6682, 0.53
6683, 0.40
6684, 0.66
6685, 0.47
6686, 0.46
6687, 0.49
6688, 0.57
6689, 0.74
6690, 0.47
6691, 0.50
6692, 0.72
6693, 0.54
6694, 0.41
6695, 0.33
6696, 0.74
6697, 0.38
6698, 0.48
6699, 0.48
6700, 0.41
6701, 0.49
6702, 0.36
6703, 0.39
6704, 0.56
6705, 0.40
6706, 0.55
6707, 0.48
6708, 0.50
6709, 0.54
6710, 0.31
6711, 0.58
6712, 0.48
6713, 0.49
6714, 0.33
6715, 0.41
6716, 0.49
6717, 0.37
6718, 0.47
6719, 0.47
6720, 0.41
6721, 0.52
6722, 0.48
6723, 0.73
6724, 0.48
6725, 0.39
6726, 0.48
6727, 0.48
6728, 0.33
6729, 0.74
6730, 0.55
6731, 0.48
6732, 0.73
6733, 0.49
6734, 0.53
6735, 0.51
6736, 0.53
6737, 0.51
6738, 0.50
6739, 0.51
6740, 0.53
6741, 0.49
6742, 0.41
6743, 0.32
6744, 0.74
6745, 0.71
6746, 0.39
6747, 0.40
6748, 0.52
6749, 0.70
6750, 0.49
6751, 0.30
6752, 0.54
6753, 0.38
6754, 0.47
6755, 0.36
6756, 0.52
6757, 0.57
6758, 0.50
6759, 0.43
6760, 0.55
6761, 0.35
6762, 0.32
6763, 0.57
6764, 0.40
6765, 0.38
6766, 0.48
6767, 0.53
6768, 0.52
6769, 0.41
6770, 0.73
6771, 0.50
6772, 0.51
6773, 0.34
6774, 0.55
6775, 0.59
6776, 0.51
6777, 0.57
6778, 0.45
6779, 0.44
6780, 0.50
6781, 0.74
6782, 0.45
6783, 0.45
6784, 0.71
6785, 0.38
6786, 0.44
6787, 0.53
6788, 0.51
6789, 0.73
6790, 0.40
6791, 0.39
6792, 0.74
6793, 0.38
6794, 0.40
6795, 0.55
6796, 0.71
6797, 0.50
6798, 0.74
6799, 0.31
6800, 0.72
6801, 0.72
6802, 0.55
6803, 0.56
6804, 0.32
6805, 0.70
6806, 0.56
6807, 0.49
6808, 0.32
6809, 0.41
6810, 0.33
6811, 0.57
6812, 0.49
6813, 0.46
6814, 0.43
6815, 0.46
6816, 0.66
6817, 0.52
6818, 0.48
6819, 0.60
6820, 0.39
6821, 0.71
6822, 0.44
6823, 0.51
6824, 0.42
6825, 0.69
6826, 0.56
6827, 0.37
6828, 0.41
6829, 0.52
6830, 0.42
6831, 0.73
6832, 0.38
6833, 0.71
6834, 0.49
6835, 0.40
6836, 0.48
6837, 0.31
6838, 0.50
6839, 0.47
6840, 0.35
6841, 0.52
6842, 0.53
6843, 0.55
6844, 0.41
6845, 0.45
6846, 0.51
6847, 0.74
6848, 0.40
6849, 0.54
6850, 0.54
6851, 0.36
6852, 0.49
6853, 0.44
6854, 0.59
6855, 0.40
6856, 0.55
6857, 0.41
6858, 0.48
6859, 0.49
6860, 0.54
6861, 0.73
6862, 0.74
6863, 0.51
6864, 0.53
6865, 0.32
6866, 0.56
6867, 0.56
6868, 0.56
6869, 0.57
6870, 0.51
6871, 0.42
6872, 0.54
6873, 0.72
6874, 0.51
6875, 0.55
6876, 0.42
6877, 0.39
6878, 0.37
6879, 0.43
6880, 0.52
6881, 0.51
6882, 0.53
6883, 0.52
6884, 0.57
6885, 0.44
6886, 0.42
6887, 0.49
6888, 0.49
6889, 0.37
6890, 0.71
6891, 0.53
6892, 0.73
6893, 0.55
6894, 0.73
6895, 0.72
6896, 0.35
6897, 0.73
6898, 0.53
6899, 0.46
6900, 0.74
6901, 0.47
6902, 0.47
6903, 0.35
6904, 0.43
6905, 0.54
6906, 0.37
6907, 0.39
6908, 0.49
6909, 0.36
6910, 0.51
6911, 0.71
6912, 0.46
6913, 0.52
6914, 0.47
6915, 0.37
6916, 0.43
6917, 0.50
6918, 0.48
6919, 0.51
6920, 0.44
6921, 0.51
6922, 0.50
6923, 0.31
6924, 0.64
6925, 0.39
6926, 0.53
6927, 0.37
6928, 0.52
6929, 0.45
6930, 0.41
6931, 0.69
6932, 0.72
6933, 0.55
6934, 0.44
6935, 0.53
6936, 0.74
6937, 0.53
6938, 0.53
6939, 0.32
6940, 0.73
6941, 0.55
6942, 0.45
6943, 0.45
6944, 0.49
6945, 0.48
6946, 0.45
6947, 0.48
6948, 0.36
6949, 0.75
6950, 0.48
6951, 0.68
6952, 0.50
6953, 0.46
6954, 0.52
6955, 0.51
6956, 0.33
6957, 0.36
6958, 0.36
6959, 0.51
6960, 0.40
6961, 0.75
6962, 0.34
6963, 0.52
6964, 0.52
6965, 0.74
6966, 0.37
6967, 0.48
6968, 0.53
6969, 0.64
6970, 0.37
6971, 0.40
6972, 0.42
6973, 0.50
6974, 0.59
6975, 0.65
6976, 0.43
6977, 0.32
6978, 0.52
6979, 0.40
6980, 0.56
6981, 0.30
6982, 0.46
6983, 0.67
6984, 0.46
6985, 0.31
6986, 0.48
6987, 0.56
6988, 0.53
6989, 0.61
6990, 0.50
6991, 0.51
6992, 0.41
6993, 0.54
6994, 0.56
6995, 0.73
6996, 0.52
6997, 0.74
6998, 0.54
6999, 0.48
7000, 0.52
7001, 0.58
7002, 0.55
7003, 0.46
7004, 0.74
7005, 0.59
7006, 0.48
7007, 0.45
7008, 0.48
7009, 0.53
7010, 0.49
7011, 0.46
7012, 0.37
7013, 0.67
7014, 0.44
7015, 0.52
7016, 0.50
7017, 0.47
7018, 0.33
7019, 0.51
7020, 0.48
7021, 0.46
7022, 0.31
7023, 0.57
7024, 0.54
7025, 0.45
7026, 0.57
7027, 0.32
7028, 0.43
7029, 0.52
7030, 0.48
7031, 0.41
7032, 0.51
7033, 0.34
7034, 0.70
7035, 0.70
7036, 0.51
7037, 0.30
7038, 0.40
7039, 0.45
7040, 0.49
7041, 0.45
7042, 0.45
7043, 0.45
7044, 0.44
7045, 0.51
7046, 0.50
7047, 0.38
7048, 0.53
7049, 0.58
7050, 0.55
7051, 0.49
7052, 0.45
7053, 0.47
7054, 0.41
7055, 0.54
7056, 0.43
7057, 0.45
7058, 0.49
7059, 0.38
7060, 0.50
7061, 0.35
7062, 0.56
7063, 0.45
7064, 0.41
7065, 0.74
7066, 0.44
7067, 0.52
7068, 0.46
7069, 0.52
7070, 0.54
7071, 0.53
7072, 0.73
7073, 0.32
7074, 0.44
7075, 0.32
7076, 0.50
7077, 0.32
7078, 0.39
7079, 0.73
7080, 0.74
7081, 0.54
7082, 0.31
7083, 0.38
7084, 0.43
7085, 0.46
7086, 0.46
7087, 0.74
7088, 0.53
7089, 0.52
7090, 0.41
7091, 0.57
7092, 0.54
7093, 0.43
7094, 0.31
7095, 0.49
7096, 0.55
7097, 0.42
7098, 0.48
7099, 0.40
7100, 0.51
7101, 0.42
7102, 0.46
7103, 0.44
7104, 0.40
7105, 0.57
7106, 0.73
7107, 0.45
7108, 0.52
7109, 0.44
7110, 0.32
7111, 0.51
7112, 0.39
7113, 0.51
7114, 0.54
7115, 0.40
7116, 0.54
7117, 0.37
7118, 0.54
7119, 0.60
7120, 0.48
7121, 0.38
7122, 0.44
7123, 0.73
7124, 0.48
7125, 0.38
7126, 0.44
7127, 0.43
7128, 0.45
7129, 0.55
7130, 0.72
7131, 0.58
7132, 0.38
7133, 0.33
7134, 0.42
7135, 0.55
7136, 0.48
7137, 0.37
7138, 0.57
7139, 0.53
7140, 0.31
7141, 0.46
7142, 0.39
7143, 0.39
7144, 0.39
7145, 0.69
7146, 0.48
7147, 0.39
7148, 0.54
7149, 0.66
7150, 0.54
7151, 0.39
7152, 0.37
7153, 0.40
7154, 0.53
7155, 0.70
7156, 0.50
7157, 0.55
7158, 0.51
7159, 0.54
7160, 0.45
7161, 0.31
7162, 0.36
7163, 0.45
7164, 0.58
7165, 0.58
7166, 0.74
7167, 0.46
7168, 0.44
7169, 0.41
7170, 0.59
7171, 0.35
7172, 0.44
7173, 0.39
7174, 0.52
7175, 0.47
7176, 0.56
7177, 0.53
7178, 0.41
7179, 0.75
7180, 0.72
7181, 0.72
7182, 0.37
7183, 0.74
7184, 0.62
7185, 0.55
7186, 0.39
7187, 0.45
7188, 0.46
7189, 0.40
7190, 0.53
7191, 0.47
7192, 0.73
7193, 0.46
7194, 0.54
7195, 0.58
7196, 0.55
7197, 0.37
7198, 0.49
7199, 0.36
7200, 0.71
7201, 0.51
7202, 0.49
7203, 0.43
7204, 0.34
7205, 0.50
7206, 0.43
7207, 0.46
7208, 0.57
7209, 0.53
7210, 0.49
7211, 0.48
7212, 0.39
7213, 0.56
7214, 0.53
7215, 0.35
7216, 0.74
7217, 0.73
7218, 0.56
7219, 0.54
7220, 0.65
7221, 0.56
7222, 0.73
7223, 0.43
7224, 0.53
7225, 0.72
7226, 0.44
7227, 0.38
7228, 0.45
7229, 0.40
7230, 0.41
7231, 0.54
7232, 0.39
7233, 0.51
7234, 0.49
7235, 0.30
7236, 0.49
7237, 0.51
7238, 0.47
7239, 0.38
7240, 0.44
7241, 0.50
7242, 0.48
7243, 0.39
7244, 0.49
7245, 0.38
7246, 0.38
7247, 0.39
7248, 0.37
7249, 0.52
7250, 0.53
7251, 0.52
7252, 0.59
7253, 0.55
7254, 0.41
7255, 0.74
7256, 0.51
7257, 0.45
7258, 0.73
7259, 0.53
7260, 0.40
7261, 0.37
7262, 0.59
7263, 0.52
7264, 0.47
7265, 0.45
7266, 0.44
7267, 0.74
7268, 0.52
7269, 0.70
7270, 0.42
7271, 0.53
7272, 0.43
7273, 0.47
7274, 0.71
7275, 0.70
7276, 0.48
7277, 0.46
7278, 0.55
7279, 0.52
7280, 0.48
7281, 0.43
7282, 0.43
7283, 0.43
7284, 0.51
7285, 0.56
7286, 0.53
7287, 0.67
7288, 0.55
7289, 0.49
7290, 0.47
7291, 0.52
7292, 0.52
7293, 0.57
7294, 0.38
7295, 0.32
7296, 0.71
7297, 0.59
7298, 0.71
7299, 0.49
7300, 0.48
7301, 0.45
7302, 0.52
7303, 0.47
7304, 0.31
7305, 0.69
7306, 0.52
7307, 0.51
7308, 0.37
7309, 0.43
7310, 0.67
7311, 0.44
7312, 0.52
7313, 0.53
7314, 0.40
7315, 0.51
7316, 0.49
7317, 0.43
7318, 0.45
7319, 0.53
7320, 0.43
7321, 0.55
7322, 0.73
7323, 0.38
7324, 0.71
7325, 0.52
7326, 0.53
7327, 0.53
7328, 0.41
7329, 0.54
7330, 0.51
7331, 0.55
7332, 0.44
7333, 0.51
7334, 0.57
7335, 0.50
7336, 0.44
7337, 0.48
7338, 0.52
7339, 0.50
7340, 0.42
7341, 0.49
7342, 0.72
7343, 0.57
7344, 0.44
7345, 0.33
7346, 0.48
7347, 0.67
7348, 0.42
7349, 0.75
7350, 0.38
7351, 0.60
7352, 0.51
7353, 0.42
7354, 0.71
7355, 0.73
7356, 0.45
7357, 0.41
7358, 0.41
7359, 0.51
7360, 0.49
7361, 0.59
7362, 0.72
7363, 0.50
7364, 0.52
7365, 0.49
7366, 0.48
7367, 0.71
7368, 0.49
7369, 0.65
7370, 0.49
7371, 0.42
7372, 0.39
7373, 0.75
7374, 0.52
7375, 0.53
7376, 0.74
7377, 0.35
7378, 0.44
7379, 0.53
7380, 0.52
7381, 0.48
7382, 0.40
7383, 0.59
7384, 0.67
7385, 0.33
7386, 0.49
7387, 0.47
7388, 0.53
7389, 0.72
7390, 0.57
7391, 0.53
7392, 0.45
7393, 0.49
7394, 0.71
7395, 0.52
7396, 0.48
7397, 0.54
7398, 0.47
7399, 0.39
7400, 0.52
7401, 0.74
7402, 0.42
7403, 0.39
7404, 0.50
7405, 0.48
7406, 0.37
7407, 0.48
7408, 0.49
7409, 0.37
7410, 0.40
7411, 0.31
7412, 0.48
7413, 0.33
7414, 0.69
7415, 0.42
7416, 0.31
7417, 0.73
7418, 0.35
7419, 0.52
7420, 0.73
7421, 0.46
