ID,Predicted
0, 1
1, 0
2, 1
3, 1
4, 0
5, 1
6, 1
7, 0
8, 0
9, 0
10, 0
11, 0
12, 0
13, 0
14, 0
15, 0
16, 0
17, 0
18, 0
19, 1
20, 1
21, 0
22, 0
23, 0
24, 1
25, 1
26, 0
27, 0
28, 1
29, 1
30, 1
31, 0
32, 0
33, 1
34, 1
35, 1
36, 0
37, 1
38, 0
39, 0
40, 0
41, 1
42, 1
43, 0
44, 0
45, 1
46, 1
47, 0
48, 0
49, 0
50, 0
51, 1
52, 0
53, 1
54, 0
55, 1
56, 0
57, 1
58, 1
59, 0
60, 1
61, 1
62, 0
63, 1
64, 0
65, 1
66, 1
67, 0
68, 1
69, 0
70, 1
71, 0
72, 1
73, 1
74, 0
75, 0
76, 1
77, 0
78, 0
79, 1
80, 1
81, 0
82, 1
83, 0
84, 1
85, 0
86, 1
87, 1
88, 1
89, 0
90, 1
91, 1
92, 0
93, 0
94, 1
95, 0
96, 0
97, 1
98, 1
99, 1
100, 0
101, 0
102, 1
103, 0
104, 1
105, 0
106, 0
107, 1
108, 0
109, 1
110, 1
111, 0
112, 1
113, 1
114, 1
115, 1
116, 0
117, 0
118, 1
119, 1
120, 1
121, 0
122, 0
123, 0
124, 1
125, 0
126, 1
127, 0
128, 1
129, 1
130, 1
131, 1
132, 0
133, 0
134, 1
135, 1
136, 0
137, 0
138, 0
139, 0
140, 1
141, 0
142, 1
143, 1
144, 0
145, 0
146, 0
147, 0
148, 1
149, 1
150, 0
151, 0
152, 0
153, 0
154, 0
155, 1
156, 1
157, 1
158, 0
159, 0
160, 0
161, 0
162, 1
163, 0
164, 0
165, 1
166, 1
167, 0
168, 0
169, 0
170, 0
171, 0
172, 1
173, 1
174, 0
175, 0
176, 0
177, 1
178, 0
179, 1
180, 1
181, 1
182, 1
183, 1
184, 1
185, 1
186, 1
187, 0
188, 0
189, 0
190, 1
191, 1
192, 0
193, 0
194, 1
195, 0
196, 1
197, 1
198, 1
199, 1
200, 1
201, 1
202, 0
203, 0
204, 1
205, 0
206, 1
207, 1
208, 1
209, 0
210, 1
211, 0
212, 0
213, 0
214, 1
215, 1
216, 0
217, 0
218, 0
219, 1
220, 1
221, 1
222, 1
223, 1
224, 1
225, 1
226, 0
227, 0
228, 0
229, 0
230, 0
231, 0
232, 0
233, 1
234, 1
235, 0
236, 0
237, 1
238, 0
239, 0
240, 0
241, 0
242, 0
243, 1
244, 0
245, 0
246, 0
247, 0
248, 0
249, 1
250, 1
251, 1
252, 0
253, 1
254, 1
255, 0
256, 1
257, 0
258, 1
259, 0
260, 0
261, 1
262, 0
263, 0
264, 0
265, 1
266, 1
267, 0
268, 1
269, 0
270, 0
271, 0
272, 1
273, 1
274, 1
275, 1
276, 1
277, 0
278, 1
279, 0
280, 0
281, 0
282, 1
283, 0
284, 1
285, 1
286, 0
287, 1
288, 1
289, 1
290, 1
291, 0
292, 0
293, 1
294, 0
295, 0
296, 0
297, 0
298, 0
299, 0
300, 0
301, 1
302, 1
303, 0
304, 0
305, 1
306, 0
307, 0
308, 0
309, 0
310, 0
311, 0
312, 1
313, 0
314, 1
315, 1
316, 0
317, 1
318, 0
319, 0
320, 1
321, 1
322, 0
323, 0
324, 0
325, 1
326, 0
327, 0
328, 0
329, 1
330, 1
331, 1
332, 0
333, 1
334, 1
335, 1
336, 0
337, 1
338, 1
339, 0
340, 0
341, 0
342, 1
343, 0
344, 1
345, 1
346, 0
347, 1
348, 1
349, 0
350, 1
351, 1
352, 1
353, 1
354, 0
355, 0
356, 0
357, 1
358, 1
359, 0
360, 1
361, 0
362, 1
363, 1
364, 0
365, 0
366, 0
367, 1
368, 0
369, 0
370, 0
371, 1
372, 0
373, 1
374, 0
375, 0
376, 1
377, 1
378, 1
379, 1
380, 0
381, 1
382, 0
383, 0
384, 1
385, 0
386, 0
387, 0
388, 1
389, 0
390, 1
391, 1
392, 1
393, 1
394, 1
395, 1
396, 1
397, 0
398, 0
399, 1
400, 0
401, 1
402, 1
403, 1
404, 0
405, 1
406, 1
407, 1
408, 0
409, 1
410, 1
411, 0
412, 0
413, 0
414, 1
415, 1
416, 0
417, 1
418, 0
419, 1
420, 0
421, 1
422, 1
423, 1
424, 1
425, 1
426, 0
427, 0
428, 0
429, 1
430, 0
431, 1
432, 1
433, 1
434, 1
435, 0
436, 0
437, 0
438, 1
439, 0
440, 1
441, 1
442, 1
443, 1
444, 0
445, 0
446, 1
447, 0
448, 1
449, 1
450, 1
451, 1
452, 1
453, 1
454, 1
455, 1
456, 1
457, 1
458, 1
459, 1
460, 0
461, 1
462, 1
463, 1
464, 1
465, 1
466, 1
467, 1
468, 0
469, 1
470, 0
471, 0
472, 0
473, 1
474, 1
475, 1
476, 1
477, 1
478, 0
479, 1
480, 1
481, 1
482, 0
483, 0
484, 1
485, 1
486, 0
487, 1
488, 0
489, 1
490, 1
491, 1
492, 1
493, 1
494, 0
495, 0
496, 1
497, 1
498, 1
499, 0
500, 1
501, 0
502, 0
503, 1
504, 1
505, 0
506, 0
507, 0
508, 0
509, 1
510, 0
511, 1
512, 0
513, 0
514, 1
515, 1
516, 1
517, 1
518, 1
519, 1
520, 0
521, 0
522, 1
523, 0
524, 0
525, 0
526, 1
527, 0
528, 1
529, 1
530, 0
531, 0
532, 1
533, 0
534, 1
535, 0
536, 1
537, 0
538, 1
539, 1
540, 1
541, 0
542, 1
543, 0
544, 0
545, 1
546, 1
547, 1
548, 1
549, 1
550, 1
551, 1
552, 0
553, 0
554, 0
555, 1
556, 0
557, 1
558, 0
559, 0
560, 1
561, 1
562, 1
563, 0
564, 0
565, 0
566, 1
567, 0
568, 1
569, 0
570, 1
571, 0
572, 0
573, 1
574, 1
575, 0
576, 1
577, 1
578, 1
579, 1
580, 0
581, 1
582, 1
583, 0
584, 1
585, 1
586, 1
587, 1
588, 1
589, 1
590, 0
591, 0
592, 0
593, 1
594, 1
595, 0
596, 1
597, 1
598, 0
599, 0
600, 1
601, 0
602, 1
603, 0
604, 0
605, 1
606, 0
607, 1
608, 1
609, 0
610, 0
611, 0
612, 1
613, 0
614, 0
615, 1
616, 0
617, 1
618, 1
619, 0
620, 1
621, 0
622, 0
623, 1
624, 0
625, 0
626, 0
627, 1
628, 1
629, 0
630, 1
631, 0
632, 1
633, 0
634, 1
635, 1
636, 0
637, 0
638, 1
639, 0
640, 1
641, 0
642, 0
643, 1
644, 0
645, 1
646, 0
647, 0
648, 1
649, 1
650, 0
651, 1
652, 1
653, 0
654, 0
655, 1
656, 1
657, 0
658, 1
659, 0
660, 1
661, 1
662, 1
663, 0
664, 1
665, 0
666, 0
667, 1
668, 1
669, 0
670, 0
671, 0
672, 1
673, 0
674, 1
675, 0
676, 1
677, 1
678, 0
679, 0
680, 0
681, 1
682, 0
683, 0
684, 1
685, 0
686, 1
687, 1
688, 1
689, 1
690, 1
691, 1
692, 0
693, 1
694, 1
695, 0
696, 1
697, 1
698, 1
699, 0
700, 0
701, 0
702, 1
703, 1
704, 0
705, 0
706, 0
707, 1
708, 0
709, 0
710, 1
711, 1
712, 0
713, 0
714, 1
715, 1
716, 0
717, 0
718, 0
719, 0
720, 0
721, 0
722, 0
723, 1
724, 1
725, 0
726, 0
727, 1
728, 1
729, 1
730, 0
731, 1
732, 0
733, 1
734, 0
735, 0
736, 1
737, 0
738, 0
739, 1
740, 0
741, 0
742, 1
743, 0
744, 1
745, 0
746, 0
747, 1
748, 0
749, 0
750, 1
751, 0
752, 1
753, 1
754, 1
755, 0
756, 1
757, 0
758, 0
759, 0
760, 0
761, 1
762, 1
763, 1
764, 1
765, 1
766, 0
767, 0
768, 1
769, 0
770, 0
771, 0
772, 0
773, 0
774, 0
775, 1
776, 0
777, 0
778, 0
779, 0
780, 0
781, 0
782, 1
783, 1
784, 0
785, 0
786, 1
787, 0
788, 0
789, 0
790, 1
791, 0
792, 1
793, 0
794, 1
795, 0
796, 1
797, 1
798, 0
799, 1
800, 0
801, 0
802, 0
803, 1
804, 0
805, 1
806, 0
807, 0
808, 0
809, 0
810, 1
811, 1
812, 0
813, 0
814, 0
815, 1
816, 0
817, 0
818, 1
819, 1
820, 0
821, 1
822, 1
823, 0
824, 1
825, 0
826, 0
827, 1
828, 0
829, 0
830, 0
831, 1
832, 1
833, 0
834, 1
835, 0
836, 0
837, 1
838, 0
839, 0
840, 1
841, 1
842, 1
843, 0
844, 1
845, 0
846, 0
847, 0
848, 0
849, 1
850, 1
851, 1
852, 1
853, 1
854, 0
855, 0
856, 0
857, 0
858, 0
859, 1
860, 1
861, 1
862, 1
863, 0
864, 0
865, 0
866, 1
867, 0
868, 1
869, 0
870, 0
871, 1
872, 0
873, 0
874, 0
875, 0
876, 0
877, 0
878, 0
879, 1
880, 1
881, 1
882, 0
883, 0
884, 0
885, 0
886, 1
887, 1
888, 1
889, 0
890, 0
891, 0
892, 1
893, 0
894, 1
895, 0
896, 1
897, 1
898, 0
899, 1
900, 1
901, 1
902, 1
903, 1
904, 1
905, 0
906, 0
907, 0
908, 1
909, 0
910, 1
911, 0
912, 0
913, 1
914, 1
915, 1
916, 1
917, 1
918, 1
919, 1
920, 1
921, 1
922, 0
923, 1
924, 0
925, 0
926, 0
927, 1
928, 0
929, 1
930, 1
931, 0
932, 0
933, 1
934, 1
935, 0
936, 0
937, 1
938, 1
939, 0
940, 0
941, 1
942, 0
943, 1
944, 1
945, 0
946, 0
947, 0
948, 1
949, 0
950, 0
951, 1
952, 1
953, 0
954, 0
955, 0
956, 1
957, 1
958, 1
959, 0
960, 1
961, 0
962, 1
963, 1
964, 1
965, 0
966, 0
967, 0
968, 0
969, 0
970, 1
971, 1
972, 1
973, 0
974, 0
975, 1
976, 1
977, 1
978, 1
979, 1
980, 1
981, 0
982, 1
983, 1
984, 0
985, 1
986, 0
987, 1
988, 1
989, 0
990, 1
991, 0
992, 1
993, 1
994, 1
995, 1
996, 1
997, 1
998, 1
999, 0
1000, 0
1001, 1
1002, 1
1003, 0
1004, 1
1005, 1
1006, 0
1007, 0
1008, 0
1009, 1
1010, 0
1011, 1
1012, 0
1013, 0
1014, 1
1015, 1
1016, 1
1017, 1
1018, 1
1019, 0
1020, 1
1021, 1
1022, 1
1023, 0
1024, 0
1025, 1
1026, 1
1027, 1
1028, 0
1029, 0
1030, 0
1031, 1
1032, 1
1033, 1
1034, 1
1035, 0
1036, 1
1037, 0
1038, 1
1039, 0
1040, 0
1041, 0
1042, 0
1043, 1
1044, 1
1045, 1
1046, 0
1047, 0
1048, 0
1049, 1
1050, 1
1051, 1
1052, 0
1053, 1
1054, 0
1055, 0
1056, 1
1057, 0
1058, 1
1059, 1
1060, 0
1061, 0
1062, 1
1063, 1
1064, 0
1065, 0
1066, 1
1067, 1
1068, 1
1069, 0
1070, 1
1071, 0
1072, 1
1073, 0
1074, 1
1075, 0
1076, 0
1077, 0
1078, 1
1079, 0
1080, 0
1081, 0
1082, 0
1083, 0
1084, 0
1085, 1
1086, 0
1087, 1
1088, 0
1089, 1
1090, 1
1091, 0
1092, 1
1093, 1
1094, 0
1095, 1
1096, 0
1097, 1
1098, 1
1099, 0
1100, 1
1101, 0
1102, 0
1103, 1
1104, 0
1105, 0
1106, 1
1107, 0
1108, 0
1109, 1
1110, 1
1111, 0
1112, 1
1113, 0
1114, 1
1115, 1
1116, 1
1117, 1
1118, 0
1119, 1
1120, 1
1121, 0
1122, 0
1123, 0
1124, 1
1125, 1
1126, 0
1127, 0
1128, 1
1129, 0
1130, 1
1131, 1
1132, 1
1133, 1
1134, 0
1135, 0
1136, 1
1137, 1
1138, 1
1139, 1
1140, 0
1141, 1
1142, 1
1143, 0
1144, 0
1145, 0
1146, 1
1147, 0
1148, 1
1149, 0
1150, 1
1151, 0
1152, 1
1153, 0
1154, 1
1155, 1
1156, 1
1157, 1
1158, 0
1159, 0
1160, 0
1161, 1
1162, 0
1163, 1
1164, 1
1165, 0
1166, 1
1167, 1
1168, 0
1169, 0
1170, 1
1171, 1
1172, 1
1173, 1
1174, 1
1175, 0
1176, 0
1177, 1
1178, 1
1179, 0
1180, 1
1181, 1
1182, 0
1183, 1
1184, 0
1185, 0
1186, 0
1187, 0
1188, 1
1189, 0
1190, 0
1191, 1
1192, 0
1193, 0
1194, 1
1195, 0
1196, 1
1197, 1
1198, 0
1199, 0
1200, 0
1201, 0
1202, 1
1203, 1
1204, 0
1205, 0
1206, 1
1207, 1
1208, 0
1209, 1
1210, 1
1211, 0
1212, 1
1213, 0
1214, 0
1215, 1
1216, 1
1217, 0
1218, 1
1219, 1
1220, 0
1221, 1
1222, 1
1223, 0
1224, 0
1225, 1
1226, 0
1227, 0
1228, 0
1229, 1
1230, 1
1231, 1
1232, 1
1233, 0
1234, 1
1235, 0
1236, 0
1237, 0
1238, 1
1239, 0
1240, 0
1241, 0
1242, 1
1243, 1
1244, 0
1245, 1
1246, 0
1247, 0
1248, 0
1249, 1
1250, 0
1251, 1
1252, 0
1253, 1
1254, 0
1255, 0
1256, 0
1257, 1
1258, 1
1259, 0
1260, 1
1261, 0
1262, 1
1263, 0
1264, 0
1265, 0
1266, 0
1267, 1
1268, 1
1269, 1
1270, 0
1271, 1
1272, 0
1273, 1
1274, 1
1275, 0
1276, 0
1277, 1
1278, 0
1279, 1
1280, 0
1281, 1
1282, 0
1283, 1
1284, 1
1285, 1
1286, 0
1287, 1
1288, 1
1289, 0
1290, 0
1291, 1
1292, 1
1293, 1
1294, 0
1295, 0
1296, 0
1297, 0
1298, 1
1299, 0
1300, 1
1301, 0
1302, 1
1303, 0
1304, 0
1305, 1
1306, 1
1307, 0
1308, 1
1309, 1
1310, 1
1311, 1
1312, 0
1313, 0
1314, 1
1315, 0
1316, 1
1317, 0
1318, 1
1319, 0
1320, 1
1321, 1
1322, 1
1323, 1
1324, 0
1325, 0
1326, 0
1327, 1
1328, 1
1329, 1
1330, 1
1331, 1
1332, 0
1333, 1
1334, 0
1335, 0
1336, 0
1337, 1
1338, 1
1339, 1
1340, 0
1341, 1
1342, 0
1343, 0
1344, 1
1345, 1
1346, 1
1347, 1
1348, 1
1349, 1
1350, 1
1351, 1
1352, 1
1353, 0
1354, 0
1355, 0
1356, 0
1357, 0
1358, 0
1359, 1
1360, 0
1361, 0
1362, 1
1363, 1
1364, 1
1365, 1
1366, 0
1367, 1
1368, 0
1369, 0
1370, 1
1371, 1
1372, 1
1373, 0
1374, 0
1375, 0
1376, 0
1377, 1
1378, 0
1379, 1
1380, 1
1381, 0
1382, 1
1383, 0
1384, 1
1385, 0
1386, 1
1387, 1
1388, 0
1389, 1
1390, 0
1391, 1
1392, 0
1393, 1
1394, 1
1395, 0
1396, 0
1397, 1
1398, 0
1399, 0
1400, 0
1401, 0
1402, 1
1403, 0
1404, 0
1405, 0
1406, 1
1407, 1
1408, 1
1409, 1
1410, 1
1411, 0
1412, 0
1413, 0
1414, 1
1415, 0
1416, 0
1417, 0
1418, 0
1419, 1
1420, 1
1421, 0
1422, 0
1423, 1
1424, 0
1425, 0
1426, 0
1427, 0
1428, 0
1429, 0
1430, 1
1431, 1
1432, 0
1433, 0
1434, 0
1435, 0
1436, 1
1437, 0
1438, 1
1439, 0
1440, 0
1441, 0
1442, 1
1443, 1
1444, 1
1445, 1
1446, 0
1447, 1
1448, 1
1449, 1
1450, 1
1451, 0
1452, 0
1453, 0
1454, 1
1455, 0
1456, 0
1457, 0
1458, 1
1459, 1
1460, 0
1461, 1
1462, 0
1463, 0
1464, 0
1465, 1
1466, 1
1467, 0
1468, 0
1469, 1
1470, 1
1471, 0
1472, 0
1473, 0
1474, 0
1475, 0
1476, 1
1477, 0
1478, 0
1479, 1
1480, 0
1481, 1
1482, 1
1483, 1
1484, 1
1485, 0
1486, 0
1487, 1
1488, 0
1489, 0
1490, 1
1491, 1
1492, 1
1493, 0
1494, 1
1495, 0
1496, 0
1497, 0
1498, 1
1499, 1
1500, 1
1501, 0
1502, 0
1503, 1
1504, 1
1505, 0
1506, 0
1507, 1
1508, 1
1509, 1
1510, 1
1511, 0
1512, 1
1513, 1
1514, 1
1515, 0
1516, 0
1517, 0
1518, 1
1519, 0
1520, 0
1521, 0
1522, 1
1523, 1
1524, 1
1525, 1
1526, 0
1527, 1
1528, 0
1529, 0
1530, 0
1531, 0
1532, 1
1533, 0
1534, 1
1535, 0
1536, 0
1537, 0
1538, 1
1539, 1
1540, 1
1541, 1
1542, 1
1543, 0
1544, 0
1545, 1
1546, 0
1547, 1
1548, 0
1549, 1
1550, 1
1551, 0
1552, 0
1553, 1
1554, 0
1555, 1
1556, 1
1557, 1
1558, 0
1559, 1
1560, 1
1561, 1
1562, 0
1563, 0
1564, 1
1565, 0
1566, 0
1567, 1
1568, 0
1569, 1
1570, 1
1571, 1
1572, 0
1573, 0
1574, 0
1575, 1
1576, 0
1577, 1
1578, 0
1579, 0
1580, 0
1581, 0
1582, 0
1583, 1
1584, 1
1585, 1
1586, 1
1587, 1
1588, 1
1589, 1
1590, 1
1591, 0
1592, 0
1593, 1
1594, 0
1595, 0
1596, 1
1597, 0
1598, 1
1599, 1
1600, 1
1601, 0
1602, 0
1603, 0
1604, 1
1605, 0
1606, 1
1607, 1
1608, 1
1609, 1
1610, 1
1611, 0
1612, 1
1613, 1
1614, 0
1615, 0
1616, 0
1617, 0
1618, 1
1619, 1
1620, 0
1621, 1
1622, 0
1623, 1
1624, 0
1625, 0
1626, 0
1627, 1
1628, 1
1629, 1
1630, 1
1631, 0
1632, 0
1633, 1
1634, 1
1635, 0
1636, 1
1637, 1
1638, 0
1639, 0
1640, 1
1641, 1
1642, 0
1643, 1
1644, 0
1645, 0
1646, 0
1647, 1
1648, 1
1649, 1
1650, 1
1651, 1
1652, 0
1653, 1
1654, 1
1655, 0
1656, 0
1657, 1
1658, 0
1659, 0
1660, 1
1661, 0
1662, 0
1663, 0
1664, 0
1665, 0
1666, 1
1667, 0
1668, 0
1669, 1
1670, 0
1671, 0
1672, 1
1673, 1
1674, 1
1675, 1
1676, 0
1677, 0
1678, 1
1679, 0
1680, 0
1681, 0
1682, 1
1683, 0
1684, 0
1685, 1
1686, 0
1687, 1
1688, 1
1689, 1
1690, 1
1691, 1
1692, 1
1693, 1
1694, 0
1695, 1
1696, 1
1697, 0
1698, 0
1699, 1
1700, 0
1701, 0
1702, 0
1703, 0
1704, 0
1705, 1
1706, 1
1707, 0
1708, 0
1709, 1
1710, 0
1711, 1
1712, 1
1713, 1
1714, 0
1715, 1
1716, 0
1717, 0
1718, 1
1719, 1
1720, 1
1721, 0
1722, 1
1723, 0
1724, 0
1725, 1
1726, 0
1727, 1
1728, 0
1729, 0
1730, 1
1731, 1
1732, 0
1733, 0
1734, 1
1735, 1
1736, 0
1737, 0
1738, 0
1739, 0
1740, 0
1741, 0
1742, 0
1743, 0
1744, 0
1745, 0
1746, 0
1747, 0
1748, 1
1749, 0
1750, 0
1751, 1
1752, 1
1753, 1
1754, 0
1755, 0
1756, 1
1757, 1
1758, 1
1759, 0
1760, 1
1761, 0
1762, 1
1763, 1
1764, 0
1765, 0
1766, 1
1767, 1
1768, 0
1769, 1
1770, 0
1771, 0
1772, 0
1773, 1
1774, 1
1775, 1
1776, 1
1777, 1
1778, 0
1779, 1
1780, 0
1781, 0
1782, 0
1783, 1
1784, 1
1785, 1
1786, 1
1787, 0
1788, 0
1789, 1
1790, 1
1791, 1
1792, 1
1793, 1
1794, 0
1795, 1
1796, 0
1797, 1
1798, 1
1799, 1
1800, 1
1801, 0
1802, 1
1803, 1
1804, 0
1805, 0
1806, 1
1807, 0
1808, 0
1809, 0
1810, 1
1811, 1
1812, 1
1813, 1
1814, 0
1815, 1
1816, 0
1817, 1
1818, 1
1819, 0
1820, 1
1821, 1
1822, 0
1823, 1
1824, 0
1825, 0
1826, 1
1827, 1
1828, 0
1829, 0
1830, 0
1831, 1
1832, 1
1833, 1
1834, 0
1835, 1
1836, 0
1837, 1
1838, 0
1839, 1
1840, 0
1841, 0
1842, 0
1843, 1
1844, 1
1845, 1
1846, 0
1847, 1
1848, 1
1849, 0
1850, 0
1851, 1
1852, 0
1853, 0
1854, 1
1855, 1
1856, 1
1857, 0
1858, 0
1859, 1
1860, 0
1861, 0
1862, 1
1863, 1
1864, 0
1865, 0
1866, 0
1867, 0
1868, 0
1869, 0
1870, 0
1871, 1
1872, 0
1873, 1
1874, 1
1875, 0
1876, 1
1877, 0
1878, 0
1879, 0
1880, 1
1881, 1
1882, 1
1883, 1
1884, 0
1885, 1
1886, 0
1887, 0
1888, 1
1889, 1
1890, 1
1891, 1
1892, 0
1893, 0
1894, 1
1895, 0
1896, 1
1897, 0
1898, 1
1899, 1
1900, 1
1901, 1
1902, 1
1903, 1
1904, 0
1905, 0
1906, 0
1907, 0
1908, 1
1909, 0
1910, 1
1911, 0
1912, 1
1913, 0
1914, 0
1915, 1
1916, 0
1917, 1
1918, 0
1919, 1
1920, 1
1921, 0
1922, 0
1923, 1
1924, 0
1925, 0
1926, 0
1927, 0
1928, 1
1929, 0
1930, 1
1931, 0
1932, 0
1933, 0
1934, 0
1935, 0
1936, 0
1937, 1
1938, 0
1939, 0
1940, 0
1941, 1
1942, 1
1943, 1
1944, 0
1945, 0
1946, 1
1947, 0
1948, 0
1949, 1
1950, 1
1951, 0
1952, 0
1953, 1
1954, 1
1955, 0
1956, 0
1957, 1
1958, 1
1959, 1
1960, 1
1961, 1
1962, 1
1963, 1
1964, 1
1965, 1
1966, 0
1967, 1
1968, 1
1969, 0
1970, 1
1971, 0
1972, 1
1973, 1
1974, 1
1975, 0
1976, 1
1977, 1
1978, 0
1979, 1
1980, 0
1981, 0
1982, 1
1983, 0
1984, 1
1985, 1
1986, 1
1987, 0
1988, 1
1989, 0
1990, 0
1991, 1
1992, 0
1993, 0
1994, 1
1995, 1
1996, 1
1997, 0
1998, 1
1999, 0
2000, 0
2001, 1
2002, 1
2003, 0
2004, 1
2005, 1
2006, 1
2007, 0
2008, 0
2009, 1
2010, 1
2011, 1
2012, 1
2013, 0
2014, 1
2015, 0
2016, 0
2017, 1
2018, 1
2019, 0
2020, 0
2021, 1
2022, 1
2023, 1
2024, 1
2025, 1
2026, 1
2027, 1
2028, 1
2029, 0
2030, 1
2031, 1
2032, 1
2033, 0
2034, 0
2035, 0
2036, 1
2037, 1
2038, 1
2039, 1
2040, 1
2041, 0
2042, 0
2043, 1
2044, 0
2045, 1
2046, 1
2047, 1
2048, 0
2049, 0
2050, 1
2051, 1
2052, 1
2053, 0
2054, 1
2055, 1
2056, 1
2057, 1
2058, 0
2059, 1
2060, 0
2061, 0
2062, 0
2063, 1
2064, 1
2065, 1
2066, 1
2067, 1
2068, 0
2069, 0
2070, 1
2071, 1
2072, 1
2073, 1
2074, 0
2075, 0
2076, 0
2077, 0
2078, 1
2079, 1
2080, 0
2081, 1
2082, 0
2083, 1
2084, 1
2085, 0
2086, 0
2087, 1
2088, 0
2089, 0
2090, 1
2091, 1
2092, 0
2093, 0
2094, 0
2095, 0
2096, 1
2097, 0
2098, 0
2099, 1
2100, 0
2101, 0
2102, 0
2103, 0
2104, 0
2105, 0
2106, 0
2107, 1
2108, 1
2109, 0
2110, 1
2111, 1
2112, 1
2113, 1
2114, 1
2115, 0
2116, 1
2117, 0
2118, 1
2119, 0
2120, 1
2121, 1
2122, 1
2123, 1
2124, 1
2125, 0
2126, 0
2127, 1
2128, 1
2129, 0
2130, 1
2131, 0
2132, 0
2133, 1
2134, 1
2135, 0
2136, 1
2137, 0
2138, 1
2139, 1
2140, 0
2141, 0
2142, 0
2143, 0
2144, 0
2145, 0
2146, 0
2147, 1
2148, 1
2149, 1
2150, 0
2151, 0
2152, 0
2153, 1
2154, 1
2155, 1
2156, 0
2157, 0
2158, 0
2159, 0
2160, 1
2161, 1
2162, 0
2163, 1
2164, 0
2165, 0
2166, 1
2167, 0
2168, 0
2169, 1
2170, 0
2171, 1
2172, 0
2173, 0
2174, 0
2175, 1
2176, 0
2177, 1
2178, 1
2179, 1
2180, 1
2181, 0
2182, 0
2183, 1
2184, 1
2185, 0
2186, 0
2187, 0
2188, 1
2189, 1
2190, 1
2191, 0
2192, 0
2193, 0
2194, 0
2195, 0
2196, 1
2197, 0
2198, 0
2199, 1
2200, 0
2201, 1
2202, 1
2203, 1
2204, 0
2205, 1
2206, 0
2207, 0
2208, 0
2209, 0
2210, 1
2211, 0
2212, 1
2213, 0
2214, 1
2215, 1
2216, 1
2217, 1
2218, 0
2219, 0
2220, 1
2221, 1
2222, 1
2223, 0
2224, 1
2225, 1
2226, 0
2227, 0
2228, 1
2229, 1
2230, 1
2231, 1
2232, 1
2233, 0
2234, 1
2235, 1
2236, 1
2237, 0
2238, 0
2239, 0
2240, 1
2241, 1
2242, 0
2243, 0
2244, 1
2245, 0
2246, 1
2247, 0
2248, 0
2249, 0
2250, 1
2251, 0
2252, 0
2253, 1
2254, 1
2255, 1
2256, 1
2257, 0
2258, 1
2259, 0
2260, 1
2261, 1
2262, 1
2263, 1
2264, 0
2265, 1
2266, 0
2267, 0
2268, 0
2269, 1
2270, 1
2271, 0
2272, 1
2273, 1
2274, 1
2275, 0
2276, 1
2277, 0
2278, 1
2279, 0
2280, 0
2281, 0
2282, 1
2283, 1
2284, 1
2285, 0
2286, 1
2287, 1
2288, 1
2289, 1
2290, 1
2291, 1
2292, 0
2293, 0
2294, 1
2295, 0
2296, 1
2297, 1
2298, 0
2299, 0
2300, 1
2301, 0
2302, 0
2303, 0
2304, 1
2305, 0
2306, 1
2307, 1
2308, 1
2309, 1
2310, 0
2311, 0
2312, 0
2313, 0
2314, 1
2315, 1
2316, 1
2317, 0
2318, 1
2319, 0
2320, 0
2321, 0
2322, 0
2323, 1
2324, 1
2325, 1
2326, 0
2327, 1
2328, 1
2329, 1
2330, 0
2331, 1
2332, 0
2333, 1
2334, 0
2335, 0
2336, 1
2337, 0
2338, 0
2339, 0
2340, 1
2341, 1
2342, 0
2343, 1
2344, 0
2345, 1
2346, 0
2347, 0
2348, 0
2349, 0
2350, 0
2351, 0
2352, 0
2353, 0
2354, 1
2355, 1
2356, 1
2357, 0
2358, 0
2359, 1
2360, 1
2361, 0
2362, 1
2363, 1
2364, 1
2365, 1
2366, 0
2367, 1
2368, 1
2369, 1
2370, 1
2371, 1
2372, 1
2373, 0
2374, 0
2375, 1
2376, 0
2377, 0
2378, 1
2379, 0
2380, 1
2381, 0
2382, 1
2383, 0
2384, 0
2385, 1
2386, 0
2387, 1
2388, 0
2389, 0
2390, 0
2391, 0
2392, 1
2393, 1
2394, 1
2395, 0
2396, 0
2397, 1
2398, 1
2399, 0
2400, 0
2401, 0
2402, 0
2403, 1
2404, 0
2405, 0
2406, 1
2407, 0
2408, 0
2409, 0
2410, 0
2411, 1
2412, 1
2413, 0
2414, 1
2415, 0
2416, 0
2417, 1
2418, 0
2419, 0
2420, 1
2421, 1
2422, 0
2423, 1
2424, 1
2425, 0
2426, 0
2427, 1
2428, 0
2429, 1
2430, 1
2431, 1
2432, 1
2433, 0
2434, 1
2435, 0
2436, 0
2437, 1
2438, 0
2439, 1
2440, 0
2441, 1
2442, 1
2443, 0
2444, 1
2445, 1
2446, 0
2447, 0
2448, 1
2449, 1
2450, 1
2451, 1
2452, 1
2453, 1
2454, 1
2455, 0
2456, 1
2457, 1
2458, 0
2459, 1
2460, 1
2461, 0
2462, 0
2463, 0
2464, 1
2465, 0
2466, 1
2467, 0
2468, 0
2469, 0
2470, 1
2471, 1
2472, 1
2473, 1
2474, 0
2475, 1
2476, 1
2477, 0
2478, 1
2479, 0
2480, 1
2481, 0
2482, 0
2483, 0
2484, 1
2485, 1
2486, 0
2487, 1
2488, 1
2489, 0
2490, 1
2491, 0
2492, 1
2493, 1
2494, 1
2495, 0
2496, 0
2497, 0
2498, 0
2499, 0
2500, 0
2501, 0
2502, 1
2503, 1
2504, 1
2505, 1
2506, 1
2507, 1
2508, 0
2509, 1
2510, 0
2511, 0
2512, 0
2513, 0
2514, 1
2515, 0
2516, 0
2517, 1
2518, 0
2519, 1
2520, 0
2521, 0
2522, 1
2523, 0
2524, 0
2525, 0
2526, 1
2527, 1
2528, 0
2529, 0
2530, 1
2531, 1
2532, 0
2533, 1
2534, 1
2535, 1
2536, 1
2537, 1
2538, 1
2539, 0
2540, 1
2541, 1
2542, 0
2543, 1
2544, 1
2545, 1
2546, 1
2547, 1
2548, 0
2549, 1
2550, 1
2551, 1
2552, 0
2553, 1
2554, 1
2555, 0
2556, 1
2557, 0
2558, 0
2559, 0
2560, 1
2561, 0
2562, 1
2563, 0
2564, 0
2565, 1
2566, 0
2567, 1
2568, 0
2569, 1
2570, 1
2571, 1
2572, 1
2573, 1
2574, 1
2575, 1
2576, 0
2577, 1
2578, 0
2579, 1
2580, 1
2581, 1
2582, 1
2583, 0
2584, 0
2585, 1
2586, 0
2587, 0
2588, 0
2589, 0
2590, 1
2591, 1
2592, 0
2593, 0
2594, 1
2595, 0
2596, 1
2597, 1
2598, 0
2599, 0
2600, 0
2601, 0
2602, 1
2603, 0
2604, 0
2605, 1
2606, 0
2607, 0
2608, 1
2609, 1
2610, 1
2611, 0
2612, 1
2613, 0
2614, 0
2615, 1
2616, 1
2617, 1
2618, 1
2619, 1
2620, 1
2621, 0
2622, 1
2623, 1
2624, 1
2625, 0
2626, 1
2627, 1
2628, 1
2629, 1
2630, 0
2631, 0
2632, 1
2633, 0
2634, 0
2635, 0
2636, 1
2637, 0
2638, 0
2639, 0
2640, 1
2641, 1
2642, 0
2643, 0
2644, 1
2645, 0
2646, 1
2647, 1
2648, 1
2649, 1
2650, 1
2651, 1
2652, 1
2653, 1
2654, 1
2655, 1
2656, 1
2657, 0
2658, 1
2659, 1
2660, 1
2661, 1
2662, 1
2663, 0
2664, 1
2665, 0
2666, 0
2667, 0
2668, 0
2669, 1
2670, 1
2671, 0
2672, 0
2673, 1
2674, 0
2675, 0
2676, 1
2677, 1
2678, 0
2679, 1
2680, 0
2681, 1
2682, 1
2683, 0
2684, 0
2685, 0
2686, 1
2687, 1
2688, 1
2689, 1
2690, 1
2691, 0
2692, 1
2693, 0
2694, 0
2695, 1
2696, 1
2697, 1
2698, 0
2699, 1
2700, 0
2701, 0
2702, 0
2703, 0
2704, 0
2705, 1
2706, 1
2707, 1
2708, 1
2709, 1
2710, 0
2711, 1
2712, 0
2713, 1
2714, 0
2715, 0
2716, 0
2717, 0
2718, 0
2719, 1
2720, 1
2721, 0
2722, 1
2723, 0
2724, 1
2725, 0
2726, 1
2727, 1
2728, 0
2729, 1
2730, 1
2731, 0
2732, 1
2733, 0
2734, 0
2735, 1
2736, 0
2737, 0
2738, 1
2739, 1
2740, 1
2741, 1
2742, 0
2743, 0
2744, 0
2745, 0
2746, 0
2747, 0
2748, 0
2749, 1
2750, 0
2751, 0
2752, 0
2753, 1
2754, 0
2755, 1
2756, 0
2757, 1
2758, 1
2759, 0
2760, 1
2761, 0
2762, 1
2763, 1
2764, 0
2765, 0
2766, 1
2767, 1
2768, 1
2769, 0
2770, 1
2771, 0
2772, 1
2773, 0
2774, 1
2775, 1
2776, 0
2777, 1
2778, 0
2779, 0
2780, 1
2781, 0
2782, 1
2783, 1
2784, 0
2785, 0
2786, 0
2787, 0
2788, 1
2789, 1
2790, 0
2791, 1
2792, 0
2793, 0
2794, 0
2795, 0
2796, 0
2797, 0
2798, 1
2799, 1
2800, 0
2801, 0
2802, 1
2803, 1
2804, 0
2805, 1
2806, 0
2807, 1
2808, 0
2809, 0
2810, 1
2811, 0
2812, 1
2813, 0
2814, 1
2815, 0
2816, 0
2817, 0
2818, 1
2819, 1
2820, 1
2821, 1
2822, 1
2823, 1
2824, 1
2825, 1
2826, 0
2827, 1
2828, 0
2829, 0
2830, 0
2831, 0
2832, 1
2833, 0
2834, 0
2835, 1
2836, 1
2837, 1
2838, 1
2839, 1
2840, 1
2841, 1
2842, 1
2843, 0
2844, 0
2845, 0
2846, 1
2847, 0
2848, 1
2849, 1
2850, 1
2851, 0
2852, 1
2853, 1
2854, 1
2855, 0
2856, 1
2857, 0
2858, 1
2859, 1
2860, 1
2861, 1
2862, 0
2863, 0
2864, 1
2865, 0
2866, 0
2867, 0
2868, 1
2869, 1
2870, 1
2871, 1
2872, 0
2873, 1
2874, 1
2875, 0
2876, 0
2877, 0
2878, 1
2879, 1
2880, 1
2881, 0
2882, 0
2883, 0
2884, 0
2885, 1
2886, 0
2887, 1
2888, 1
2889, 0
2890, 1
2891, 0
2892, 1
2893, 0
2894, 0
2895, 0
2896, 0
2897, 0
2898, 0
2899, 1
2900, 0
2901, 0
2902, 0
2903, 0
2904, 0
2905, 0
2906, 1
2907, 1
2908, 1
2909, 1
2910, 1
2911, 0
2912, 1
2913, 0
2914, 1
2915, 0
2916, 1
2917, 1
2918, 0
2919, 1
2920, 0
2921, 0
2922, 0
2923, 0
2924, 1
2925, 0
2926, 0
2927, 1
2928, 1
2929, 0
2930, 1
2931, 0
2932, 0
2933, 1
2934, 1
2935, 0
2936, 1
2937, 0
2938, 1
2939, 0
2940, 1
2941, 1
2942, 0
2943, 0
2944, 1
2945, 0
2946, 0
2947, 1
2948, 1
2949, 1
2950, 0
2951, 1
2952, 0
2953, 0
2954, 1
2955, 0
2956, 0
2957, 1
2958, 0
2959, 0
2960, 1
2961, 0
2962, 1
2963, 0
2964, 1
2965, 0
2966, 0
2967, 0
2968, 1
2969, 1
2970, 1
2971, 0
2972, 1
2973, 0
2974, 1
2975, 1
2976, 0
2977, 0
2978, 0
2979, 0
2980, 0
2981, 1
2982, 1
2983, 1
2984, 0
2985, 0
2986, 1
2987, 1
2988, 1
2989, 0
2990, 0
2991, 0
2992, 1
2993, 1
2994, 1
2995, 1
2996, 0
2997, 1
2998, 1
2999, 0
3000, 0
3001, 1
3002, 1
3003, 0
3004, 0
3005, 1
3006, 1
3007, 0
3008, 1
3009, 1
3010, 1
3011, 0
3012, 0
3013, 0
3014, 0
3015, 0
3016, 0
3017, 1
3018, 0
3019, 1
3020, 0
3021, 0
3022, 0
3023, 0
3024, 1
3025, 1
3026, 0
3027, 0
3028, 0
3029, 0
3030, 0
3031, 0
3032, 0
3033, 1
3034, 0
3035, 0
3036, 0
3037, 0
3038, 0
3039, 0
3040, 0
3041, 1
3042, 0
3043, 0
3044, 1
3045, 1
3046, 1
3047, 0
3048, 1
3049, 1
3050, 0
3051, 0
3052, 1
3053, 1
3054, 1
3055, 0
3056, 0
3057, 0
3058, 1
3059, 0
3060, 0
3061, 1
3062, 1
3063, 1
3064, 0
3065, 1
3066, 1
3067, 0
3068, 0
3069, 0
3070, 1
3071, 1
3072, 1
3073, 1
3074, 0
3075, 0
3076, 1
3077, 0
3078, 0
3079, 0
3080, 0
3081, 1
3082, 0
3083, 0
3084, 0
3085, 0
3086, 1
3087, 1
3088, 1
3089, 0
3090, 1
3091, 0
3092, 0
3093, 1
3094, 1
3095, 1
3096, 1
3097, 1
3098, 1
3099, 0
3100, 1
3101, 1
3102, 1
3103, 0
3104, 0
3105, 0
3106, 0
3107, 1
3108, 1
3109, 0
3110, 0
3111, 1
3112, 0
3113, 0
3114, 0
3115, 0
3116, 0
3117, 0
3118, 1
3119, 0
3120, 0
3121, 1
3122, 1
3123, 1
3124, 1
3125, 1
3126, 0
3127, 1
3128, 1
3129, 0
3130, 1
3131, 0
3132, 0
3133, 0
3134, 1
3135, 0
3136, 1
3137, 0
3138, 0
3139, 1
3140, 0
3141, 0
3142, 0
3143, 1
3144, 0
3145, 0
3146, 1
3147, 0
3148, 1
3149, 0
3150, 1
3151, 1
3152, 1
3153, 0
3154, 0
3155, 0
3156, 0
3157, 0
3158, 0
3159, 1
3160, 0
3161, 0
3162, 0
3163, 0
3164, 1
3165, 1
3166, 1
3167, 0
3168, 0
3169, 0
3170, 0
3171, 1
3172, 0
3173, 1
3174, 0
3175, 0
3176, 1
3177, 0
3178, 0
3179, 1
3180, 1
3181, 1
3182, 1
3183, 1
3184, 0
3185, 1
3186, 0
3187, 1
3188, 0
3189, 0
3190, 1
3191, 0
3192, 0
3193, 1
3194, 1
3195, 1
3196, 0
3197, 1
3198, 0
3199, 0
3200, 0
3201, 0
3202, 1
3203, 0
3204, 0
3205, 0
3206, 1
3207, 1
3208, 0
3209, 1
3210, 0
3211, 1
3212, 1
3213, 1
3214, 0
3215, 1
3216, 0
3217, 1
3218, 1
3219, 1
3220, 0
3221, 1
3222, 1
3223, 0
3224, 0
3225, 1
3226, 0
3227, 0
3228, 1
3229, 0
3230, 0
3231, 0
3232, 0
3233, 0
3234, 0
3235, 0
3236, 1
3237, 1
3238, 0
3239, 1
3240, 1
3241, 0
3242, 0
3243, 1
3244, 0
3245, 1
3246, 0
3247, 1
3248, 1
3249, 0
3250, 0
3251, 1
3252, 1
3253, 0
3254, 0
3255, 0
3256, 0
3257, 1
3258, 1
3259, 0
3260, 1
3261, 1
3262, 0
3263, 0
3264, 1
3265, 0
3266, 1
3267, 1
3268, 0
3269, 0
3270, 1
3271, 0
3272, 0
3273, 1
3274, 0
3275, 1
3276, 0
3277, 1
3278, 0
3279, 1
3280, 0
3281, 1
3282, 0
3283, 1
3284, 0
3285, 0
3286, 1
3287, 1
3288, 0
3289, 0
3290, 0
3291, 1
3292, 1
3293, 0
3294, 0
3295, 0
3296, 1
3297, 0
3298, 1
3299, 1
3300, 0
3301, 1
3302, 1
3303, 0
3304, 1
3305, 1
3306, 0
3307, 0
3308, 1
3309, 0
3310, 1
3311, 1
3312, 0
3313, 0
3314, 0
3315, 0
3316, 1
3317, 0
3318, 1
3319, 1
3320, 1
3321, 1
3322, 1
3323, 0
3324, 1
3325, 1
3326, 0
3327, 0
3328, 0
3329, 0
3330, 1
3331, 0
3332, 0
3333, 0
3334, 1
3335, 0
3336, 1
3337, 1
3338, 1
3339, 1
3340, 1
3341, 1
3342, 1
3343, 0
3344, 0
3345, 1
3346, 1
3347, 1
3348, 0
3349, 0
3350, 0
3351, 1
3352, 1
3353, 0
3354, 0
3355, 0
3356, 1
3357, 0
3358, 1
3359, 0
3360, 0
3361, 1
3362, 0
3363, 1
3364, 1
3365, 1
3366, 1
3367, 0
3368, 0
3369, 1
3370, 1
3371, 1
3372, 0
3373, 0
3374, 0
3375, 0
3376, 1
3377, 0
3378, 0
3379, 0
3380, 0
3381, 0
3382, 1
3383, 0
3384, 1
3385, 1
3386, 1
3387, 0
3388, 1
3389, 1
3390, 1
3391, 1
3392, 1
3393, 0
3394, 1
3395, 0
3396, 1
3397, 1
3398, 1
3399, 0
3400, 0
3401, 1
3402, 1
3403, 1
3404, 1
3405, 1
3406, 0
3407, 1
3408, 1
3409, 0
3410, 1
3411, 0
3412, 1
3413, 1
3414, 1
3415, 1
3416, 0
3417, 0
3418, 1
3419, 0
3420, 0
3421, 0
3422, 1
3423, 1
3424, 0
3425, 0
3426, 1
3427, 0
3428, 1
3429, 0
3430, 1
3431, 1
3432, 0
3433, 0
3434, 1
3435, 0
3436, 1
3437, 1
3438, 0
3439, 1
3440, 1
3441, 1
3442, 0
3443, 1
3444, 1
3445, 1
3446, 1
3447, 0
3448, 1
3449, 0
3450, 0
3451, 0
3452, 0
3453, 0
3454, 0
3455, 1
3456, 0
3457, 1
3458, 0
3459, 0
3460, 1
3461, 1
3462, 0
3463, 1
3464, 1
3465, 1
3466, 1
3467, 0
3468, 0
3469, 0
3470, 0
3471, 0
3472, 0
3473, 0
3474, 1
3475, 1
3476, 0
3477, 0
3478, 1
3479, 0
3480, 1
3481, 0
3482, 1
3483, 1
3484, 1
3485, 1
3486, 0
3487, 1
3488, 1
3489, 0
3490, 0
3491, 0
3492, 1
3493, 0
3494, 0
3495, 0
3496, 0
3497, 1
3498, 0
3499, 1
3500, 1
3501, 1
3502, 0
3503, 0
3504, 0
3505, 0
3506, 0
3507, 0
3508, 1
3509, 1
3510, 0
3511, 0
3512, 1
3513, 0
3514, 0
3515, 0
3516, 1
3517, 0
3518, 0
3519, 1
3520, 1
3521, 1
3522, 0
3523, 0
3524, 0
3525, 0
3526, 0
3527, 0
3528, 1
3529, 0
3530, 0
3531, 0
3532, 0
3533, 0
3534, 1
3535, 1
3536, 0
3537, 1
3538, 1
3539, 1
3540, 0
3541, 0
3542, 0
3543, 0
3544, 0
3545, 1
3546, 1
3547, 1
3548, 0
3549, 1
3550, 0
3551, 1
3552, 1
3553, 0
3554, 1
3555, 0
3556, 1
3557, 1
3558, 0
3559, 0
3560, 1
3561, 0
3562, 0
3563, 0
3564, 0
3565, 0
3566, 1
3567, 0
3568, 1
3569, 0
3570, 1
3571, 1
3572, 1
3573, 0
3574, 0
3575, 1
3576, 0
3577, 1
3578, 1
3579, 1
3580, 0
3581, 1
3582, 0
3583, 0
3584, 1
3585, 0
3586, 0
3587, 1
3588, 0
3589, 0
3590, 0
3591, 0
3592, 0
3593, 1
3594, 0
3595, 1
3596, 0
3597, 0
3598, 0
3599, 0
3600, 1
3601, 0
3602, 1
3603, 1
3604, 0
3605, 0
3606, 1
3607, 0
3608, 1
3609, 1
3610, 0
3611, 1
3612, 0
3613, 1
3614, 0
3615, 0
3616, 0
3617, 0
3618, 1
3619, 0
3620, 0
3621, 1
3622, 0
3623, 1
3624, 0
3625, 0
3626, 1
3627, 0
3628, 1
3629, 1
3630, 0
3631, 1
3632, 1
3633, 1
3634, 1
3635, 1
3636, 0
3637, 1
3638, 1
3639, 1
3640, 1
3641, 0
3642, 0
3643, 1
3644, 0
3645, 0
3646, 1
3647, 0
3648, 0
3649, 0
3650, 0
3651, 0
3652, 0
3653, 1
3654, 1
3655, 0
3656, 0
3657, 0
3658, 0
3659, 1
3660, 1
3661, 1
3662, 0
3663, 0
3664, 1
3665, 1
3666, 0
3667, 1
3668, 0
3669, 0
3670, 0
3671, 1
3672, 1
3673, 1
3674, 1
3675, 1
3676, 1
3677, 1
3678, 0
3679, 1
3680, 0
3681, 1
3682, 1
3683, 1
3684, 1
3685, 1
3686, 1
3687, 0
3688, 1
3689, 0
3690, 1
3691, 0
3692, 1
3693, 1
3694, 0
3695, 0
3696, 1
3697, 0
3698, 0
3699, 1
3700, 0
3701, 1
3702, 0
3703, 0
3704, 0
3705, 0
3706, 0
3707, 0
3708, 1
3709, 1
3710, 1
3711, 0
3712, 0
3713, 1
3714, 1
3715, 0
3716, 0
3717, 1
3718, 0
3719, 0
3720, 1
3721, 1
3722, 0
3723, 0
3724, 1
3725, 1
3726, 1
3727, 1
3728, 1
3729, 1
3730, 0
3731, 1
3732, 1
3733, 1
3734, 1
3735, 1
3736, 0
3737, 0
3738, 1
3739, 1
3740, 1
3741, 0
3742, 0
3743, 0
3744, 1
3745, 0
3746, 0
3747, 0
3748, 1
3749, 0
3750, 0
3751, 0
3752, 1
3753, 0
3754, 0
3755, 1
3756, 1
3757, 1
3758, 1
3759, 1
3760, 1
3761, 1
3762, 1
3763, 1
3764, 1
3765, 0
3766, 1
3767, 0
3768, 1
3769, 0
3770, 0
3771, 1
3772, 0
3773, 1
3774, 1
3775, 1
3776, 1
3777, 0
3778, 1
3779, 1
3780, 1
3781, 1
3782, 0
3783, 1
3784, 0
3785, 0
3786, 0
3787, 1
3788, 1
3789, 0
3790, 1
3791, 1
3792, 0
3793, 0
3794, 1
3795, 0
3796, 1
3797, 1
3798, 0
3799, 0
3800, 0
3801, 1
3802, 1
3803, 1
3804, 0
3805, 0
3806, 1
3807, 1
3808, 1
3809, 1
3810, 0
3811, 0
3812, 0
3813, 1
3814, 1
3815, 0
3816, 1
3817, 1
3818, 1
3819, 0
3820, 0
3821, 0
3822, 1
3823, 1
3824, 1
3825, 1
3826, 1
3827, 0
3828, 1
3829, 1
3830, 0
3831, 0
3832, 0
3833, 0
3834, 1
3835, 0
3836, 1
3837, 0
3838, 0
3839, 1
3840, 1
3841, 0
3842, 0
3843, 0
3844, 0
3845, 1
3846, 1
3847, 1
3848, 0
3849, 0
3850, 0
3851, 1
3852, 0
3853, 0
3854, 0
3855, 0
3856, 0
3857, 1
3858, 0
3859, 1
3860, 0
3861, 1
3862, 0
3863, 0
3864, 0
3865, 0
3866, 1
3867, 1
3868, 0
3869, 0
3870, 0
3871, 1
3872, 1
3873, 1
3874, 1
3875, 0
3876, 1
3877, 1
3878, 0
3879, 1
3880, 0
3881, 0
3882, 1
3883, 0
3884, 0
3885, 0
3886, 1
3887, 1
3888, 0
3889, 1
3890, 1
3891, 0
3892, 0
3893, 1
3894, 1
3895, 0
3896, 0
3897, 1
3898, 0
3899, 1
3900, 1
3901, 1
3902, 0
3903, 1
3904, 0
3905, 1
3906, 0
3907, 0
3908, 0
3909, 1
3910, 0
3911, 1
3912, 0
3913, 1
3914, 1
3915, 0
3916, 1
3917, 0
3918, 1
3919, 0
3920, 1
3921, 0
3922, 1
3923, 0
3924, 0
3925, 0
3926, 1
3927, 1
3928, 0
3929, 0
3930, 1
3931, 0
3932, 1
3933, 1
3934, 1
3935, 1
3936, 0
3937, 0
3938, 1
3939, 0
3940, 1
3941, 1
3942, 1
3943, 0
3944, 1
3945, 0
3946, 0
3947, 1
3948, 1
3949, 1
3950, 1
3951, 0
3952, 0
3953, 1
3954, 1
3955, 0
3956, 0
3957, 0
3958, 1
3959, 0
3960, 0
3961, 0
3962, 1
3963, 1
3964, 0
3965, 1
3966, 0
3967, 0
3968, 0
3969, 1
3970, 1
3971, 0
3972, 0
3973, 1
3974, 1
3975, 1
3976, 1
3977, 1
3978, 0
3979, 0
3980, 0
3981, 1
3982, 0
3983, 1
3984, 0
3985, 0
3986, 1
3987, 1
3988, 0
3989, 1
3990, 0
3991, 0
3992, 1
3993, 1
3994, 1
3995, 1
3996, 0
3997, 0
3998, 0
3999, 1
4000, 1
4001, 1
4002, 0
4003, 0
4004, 0
4005, 0
4006, 0
4007, 1
4008, 0
4009, 0
4010, 0
4011, 0
4012, 1
4013, 0
4014, 1
4015, 0
4016, 0
4017, 0
4018, 1
4019, 0
4020, 0
4021, 1
4022, 1
4023, 0
4024, 1
4025, 0
4026, 0
4027, 0
4028, 0
4029, 1
4030, 1
4031, 0
4032, 0
4033, 1
4034, 0
4035, 0
4036, 1
4037, 1
4038, 1
4039, 0
4040, 0
4041, 0
4042, 0
4043, 0
4044, 0
4045, 0
4046, 1
4047, 0
4048, 0
4049, 1
4050, 0
4051, 0
4052, 1
4053, 1
4054, 0
4055, 0
4056, 0
4057, 1
4058, 0
4059, 1
4060, 0
4061, 0
4062, 1
4063, 1
4064, 1
4065, 1
4066, 1
4067, 0
4068, 1
4069, 1
4070, 0
4071, 0
4072, 0
4073, 1
4074, 0
4075, 0
4076, 1
4077, 1
4078, 1
4079, 0
4080, 0
4081, 1
4082, 0
4083, 0
4084, 0
4085, 0
4086, 1
4087, 1
4088, 0
4089, 1
4090, 0
4091, 1
4092, 0
4093, 1
4094, 0
4095, 1
4096, 0
4097, 0
4098, 0
4099, 1
4100, 0
4101, 0
4102, 0
4103, 0
4104, 1
4105, 0
4106, 0
4107, 0
4108, 0
4109, 0
4110, 1
4111, 0
4112, 0
4113, 1
4114, 1
4115, 1
4116, 1
4117, 0
4118, 1
4119, 1
4120, 0
4121, 0
4122, 1
4123, 0
4124, 1
4125, 1
4126, 1
4127, 1
4128, 0
4129, 0
4130, 0
4131, 0
4132, 1
4133, 0
4134, 0
4135, 1
4136, 1
4137, 0
4138, 0
4139, 0
4140, 1
4141, 1
4142, 1
4143, 0
4144, 0
4145, 1
4146, 1
4147, 0
4148, 0
4149, 1
4150, 0
4151, 1
4152, 1
4153, 1
4154, 1
4155, 1
4156, 1
4157, 0
4158, 1
4159, 1
4160, 1
4161, 1
4162, 0
4163, 1
4164, 0
4165, 0
4166, 0
4167, 1
4168, 1
4169, 0
4170, 1
4171, 1
4172, 1
4173, 1
4174, 0
4175, 0
4176, 1
4177, 0
4178, 0
4179, 0
4180, 0
4181, 0
4182, 1
4183, 0
4184, 1
4185, 0
4186, 1
4187, 1
4188, 1
4189, 1
4190, 0
4191, 1
4192, 0
4193, 1
4194, 0
4195, 1
4196, 1
4197, 0
4198, 0
4199, 0
4200, 1
4201, 0
4202, 1
4203, 0
4204, 0
4205, 0
4206, 0
4207, 1
4208, 1
4209, 1
4210, 1
4211, 0
4212, 1
4213, 1
4214, 0
4215, 1
4216, 0
4217, 0
4218, 0
4219, 1
4220, 1
4221, 0
4222, 1
4223, 1
4224, 1
4225, 0
4226, 0
4227, 1
4228, 1
4229, 0
4230, 1
4231, 1
4232, 0
4233, 1
4234, 1
4235, 0
4236, 0
4237, 0
4238, 0
4239, 1
4240, 1
4241, 0
4242, 0
4243, 0
4244, 1
4245, 0
4246, 0
4247, 1
4248, 0
4249, 1
4250, 0
4251, 0
4252, 0
4253, 1
4254, 0
4255, 1
4256, 1
4257, 0
4258, 0
4259, 1
4260, 1
4261, 0
4262, 1
4263, 0
4264, 0
4265, 0
4266, 0
4267, 1
4268, 1
4269, 1
4270, 0
4271, 0
4272, 0
4273, 1
4274, 0
4275, 1
4276, 1
4277, 0
4278, 0
4279, 0
4280, 0
4281, 0
4282, 0
4283, 1
4284, 0
4285, 1
4286, 0
4287, 1
4288, 1
4289, 0
4290, 0
4291, 1
4292, 0
4293, 1
4294, 1
4295, 1
4296, 1
4297, 0
4298, 0
4299, 0
4300, 0
4301, 0
4302, 1
4303, 1
4304, 0
4305, 1
4306, 1
4307, 0
4308, 0
4309, 0
4310, 1
4311, 0
4312, 0
4313, 0
4314, 0
4315, 1
4316, 1
4317, 1
4318, 1
4319, 1
4320, 0
4321, 0
4322, 0
4323, 1
4324, 1
4325, 1
4326, 0
4327, 0
4328, 1
4329, 1
4330, 1
4331, 1
4332, 1
4333, 1
4334, 0
4335, 0
4336, 0
4337, 0
4338, 1
4339, 1
4340, 0
4341, 1
4342, 0
4343, 0
4344, 1
4345, 1
4346, 0
4347, 1
4348, 1
4349, 0
4350, 0
4351, 1
4352, 0
4353, 0
4354, 1
4355, 0
4356, 0
4357, 0
4358, 1
4359, 0
4360, 1
4361, 0
4362, 1
4363, 1
4364, 1
4365, 0
4366, 0
4367, 1
4368, 1
4369, 0
4370, 0
4371, 0
4372, 0
4373, 1
4374, 0
4375, 1
4376, 1
4377, 0
4378, 1
4379, 0
4380, 1
4381, 0
4382, 1
4383, 1
4384, 0
4385, 1
4386, 1
4387, 1
4388, 0
4389, 1
4390, 0
4391, 1
4392, 1
4393, 0
4394, 0
4395, 1
4396, 0
4397, 0
4398, 1
4399, 0
4400, 0
4401, 0
4402, 0
4403, 0
4404, 0
4405, 1
4406, 0
4407, 0
4408, 0
4409, 1
4410, 0
4411, 1
4412, 1
4413, 1
4414, 1
4415, 0
4416, 1
4417, 1
4418, 1
4419, 1
4420, 0
4421, 0
4422, 0
4423, 1
4424, 0
4425, 1
4426, 0
4427, 1
4428, 1
4429, 1
4430, 1
4431, 1
4432, 1
4433, 0
4434, 1
4435, 1
4436, 1
4437, 1
4438, 1
4439, 0
4440, 1
4441, 1
4442, 1
4443, 0
4444, 0
4445, 1
4446, 0
4447, 0
4448, 1
4449, 1
4450, 0
4451, 1
4452, 1
4453, 0
4454, 1
4455, 0
4456, 0
4457, 1
4458, 0
4459, 0
4460, 1
4461, 1
4462, 1
4463, 1
4464, 0
4465, 1
4466, 0
4467, 1
4468, 0
4469, 0
4470, 1
4471, 0
4472, 1
4473, 1
4474, 1
4475, 1
4476, 0
4477, 1
4478, 0
4479, 0
4480, 1
4481, 1
4482, 1
4483, 0
4484, 1
4485, 0
4486, 0
4487, 0
4488, 0
4489, 0
4490, 1
4491, 1
4492, 1
4493, 1
4494, 1
4495, 1
4496, 0
4497, 0
4498, 0
4499, 0
4500, 0
4501, 1
4502, 0
4503, 1
4504, 0
4505, 0
4506, 0
4507, 1
4508, 1
4509, 0
4510, 1
4511, 0
4512, 0
4513, 0
4514, 1
4515, 0
4516, 1
4517, 1
4518, 1
4519, 1
4520, 1
4521, 0
4522, 0
4523, 1
4524, 1
4525, 0
4526, 1
4527, 0
4528, 0
4529, 0
4530, 0
4531, 1
4532, 1
4533, 0
4534, 0
4535, 0
4536, 0
4537, 0
4538, 1
4539, 0
4540, 1
4541, 1
4542, 0
4543, 0
4544, 0
4545, 1
4546, 0
4547, 1
4548, 1
4549, 0
4550, 1
4551, 1
4552, 1
4553, 0
4554, 1
4555, 1
4556, 1
4557, 0
4558, 0
4559, 1
4560, 0
4561, 1
4562, 1
4563, 1
4564, 0
4565, 1
4566, 1
4567, 1
4568, 0
4569, 1
4570, 0
4571, 1
4572, 0
4573, 0
4574, 1
4575, 1
4576, 0
4577, 0
4578, 1
4579, 1
4580, 1
4581, 1
4582, 1
4583, 1
4584, 1
4585, 0
4586, 0
4587, 1
4588, 0
4589, 0
4590, 0
4591, 1
4592, 1
4593, 0
4594, 1
4595, 0
4596, 0
4597, 1
4598, 0
4599, 1
4600, 1
4601, 0
4602, 1
4603, 0
4604, 0
4605, 1
4606, 0
4607, 1
4608, 1
4609, 1
4610, 1
4611, 1
4612, 0
4613, 1
4614, 1
4615, 0
4616, 0
4617, 0
4618, 0
4619, 0
4620, 0
4621, 1
4622, 0
4623, 0
4624, 0
4625, 0
4626, 1
4627, 1
4628, 1
4629, 1
4630, 0
4631, 0
4632, 0
4633, 0
4634, 0
4635, 0
4636, 0
4637, 0
4638, 0
4639, 1
4640, 1
4641, 0
4642, 0
4643, 0
4644, 1
4645, 1
4646, 0
4647, 0
4648, 0
4649, 1
4650, 0
4651, 1
4652, 0
4653, 1
4654, 0
4655, 0
4656, 0
4657, 0
4658, 0
4659, 1
4660, 0
4661, 1
4662, 0
4663, 1
4664, 0
4665, 1
4666, 1
4667, 0
4668, 0
4669, 0
4670, 0
4671, 0
4672, 1
4673, 0
4674, 0
4675, 0
4676, 0
4677, 0
4678, 0
4679, 1
4680, 1
4681, 0
4682, 0
4683, 0
4684, 0
4685, 1
4686, 1
4687, 0
4688, 0
4689, 1
4690, 0
4691, 1
4692, 1
4693, 1
4694, 0
4695, 0
4696, 1
4697, 0
4698, 1
4699, 0
4700, 0
4701, 0
4702, 1
4703, 1
4704, 1
4705, 1
4706, 1
4707, 0
4708, 1
4709, 0
4710, 0
4711, 0
4712, 0
4713, 1
4714, 1
4715, 0
4716, 0
4717, 1
4718, 0
4719, 1
4720, 1
4721, 0
4722, 1
4723, 1
4724, 1
4725, 1
4726, 0
4727, 0
4728, 0
4729, 0
4730, 0
4731, 0
4732, 0
4733, 1
4734, 1
4735, 0
4736, 0
4737, 1
4738, 1
4739, 0
4740, 0
4741, 0
4742, 0
4743, 0
4744, 0
4745, 0
4746, 1
4747, 0
4748, 0
4749, 1
4750, 1
4751, 0
4752, 0
4753, 0
4754, 1
4755, 1
4756, 0
4757, 0
4758, 0
4759, 0
4760, 0
4761, 0
4762, 1
4763, 1
4764, 1
4765, 1
4766, 0
4767, 0
4768, 1
4769, 0
4770, 1
4771, 0
4772, 1
4773, 1
4774, 0
4775, 1
4776, 1
4777, 0
4778, 0
4779, 1
4780, 1
4781, 1
4782, 0
4783, 0
4784, 1
4785, 1
4786, 0
4787, 1
4788, 1
4789, 1
4790, 0
4791, 1
4792, 0
4793, 0
4794, 0
4795, 1
4796, 1
4797, 1
4798, 0
4799, 1
4800, 0
4801, 1
4802, 0
4803, 1
4804, 0
4805, 0
4806, 1
4807, 1
4808, 1
4809, 1
4810, 1
4811, 1
4812, 0
4813, 0
4814, 0
4815, 1
4816, 0
4817, 0
4818, 1
4819, 0
4820, 1
4821, 1
4822, 0
4823, 1
4824, 1
4825, 0
4826, 0
4827, 0
4828, 0
4829, 0
4830, 1
4831, 0
4832, 1
4833, 0
4834, 0
4835, 0
4836, 0
4837, 0
4838, 1
4839, 0
4840, 1
4841, 0
4842, 0
4843, 1
4844, 0
4845, 0
4846, 0
4847, 0
4848, 0
4849, 0
4850, 1
4851, 0
4852, 1
4853, 1
4854, 1
4855, 0
4856, 0
4857, 0
4858, 0
4859, 1
4860, 1
4861, 0
4862, 1
4863, 1
4864, 0
4865, 1
4866, 0
4867, 0
4868, 0
4869, 0
4870, 1
4871, 1
4872, 1
4873, 0
4874, 1
4875, 0
4876, 1
4877, 1
4878, 1
4879, 1
4880, 1
4881, 0
4882, 0
4883, 1
4884, 1
4885, 0
4886, 0
4887, 1
4888, 1
4889, 1
4890, 1
4891, 1
4892, 1
4893, 1
4894, 0
4895, 1
4896, 0
4897, 0
4898, 1
4899, 0
4900, 1
4901, 0
4902, 1
4903, 1
4904, 0
4905, 1
4906, 1
4907, 0
4908, 1
4909, 0
4910, 0
4911, 1
4912, 0
4913, 0
4914, 0
4915, 0
4916, 1
4917, 0
4918, 1
4919, 1
4920, 0
4921, 0
4922, 0
4923, 0
4924, 0
4925, 1
4926, 1
4927, 0
4928, 1
4929, 1
4930, 0
4931, 1
4932, 0
4933, 0
4934, 1
4935, 1
4936, 0
4937, 1
4938, 0
4939, 0
4940, 1
4941, 1
4942, 1
4943, 0
4944, 1
4945, 1
4946, 0
4947, 0
4948, 1
4949, 0
4950, 0
4951, 1
4952, 1
4953, 1
4954, 1
4955, 1
4956, 0
4957, 0
4958, 0
4959, 1
4960, 0
4961, 0
4962, 0
4963, 0
4964, 1
4965, 1
4966, 1
4967, 1
4968, 0
4969, 0
4970, 1
4971, 0
4972, 1
4973, 0
4974, 0
4975, 1
4976, 0
4977, 1
4978, 1
4979, 1
4980, 1
4981, 0
4982, 1
4983, 0
4984, 0
4985, 1
4986, 0
4987, 0
4988, 1
4989, 0
4990, 1
4991, 1
4992, 0
4993, 1
4994, 1
4995, 0
4996, 1
4997, 1
4998, 0
4999, 1
5000, 1
5001, 0
5002, 0
5003, 1
5004, 1
5005, 1
5006, 1
5007, 0
5008, 1
5009, 1
5010, 1
5011, 1
5012, 1
5013, 0
5014, 0
5015, 1
5016, 1
5017, 0
5018, 1
5019, 1
5020, 0
5021, 1
5022, 0
5023, 1
5024, 1
5025, 1
5026, 1
5027, 0
5028, 0
5029, 1
5030, 0
5031, 1
5032, 0
5033, 1
5034, 0
5035, 1
5036, 1
5037, 0
5038, 1
5039, 0
5040, 0
5041, 0
5042, 1
5043, 1
5044, 1
5045, 0
5046, 1
5047, 1
5048, 1
5049, 1
5050, 1
5051, 0
5052, 1
5053, 0
5054, 0
5055, 1
5056, 0
5057, 1
5058, 0
5059, 1
5060, 1
5061, 1
5062, 1
5063, 1
5064, 0
5065, 0
5066, 1
5067, 1
5068, 1
5069, 0
5070, 1
5071, 0
5072, 1
5073, 0
5074, 0
5075, 0
5076, 0
5077, 1
5078, 0
5079, 1
5080, 0
5081, 0
5082, 0
5083, 0
5084, 1
5085, 0
5086, 1
5087, 0
5088, 0
5089, 1
5090, 1
5091, 1
5092, 0
5093, 0
5094, 0
5095, 0
5096, 0
5097, 0
5098, 1
5099, 0
5100, 1
5101, 0
5102, 1
5103, 1
5104, 0
5105, 0
5106, 1
5107, 1
5108, 0
5109, 1
5110, 1
5111, 0
5112, 1
5113, 0
5114, 0
5115, 0
5116, 1
5117, 0
5118, 1
5119, 0
5120, 0
5121, 0
5122, 0
5123, 1
5124, 0
5125, 0
5126, 0
5127, 0
5128, 1
5129, 1
5130, 1
5131, 1
5132, 0
5133, 1
5134, 1
5135, 1
5136, 1
5137, 0
5138, 0
5139, 1
5140, 1
5141, 0
5142, 0
5143, 0
5144, 0
5145, 1
5146, 1
5147, 1
5148, 0
5149, 1
5150, 0
5151, 0
5152, 1
5153, 0
5154, 1
5155, 0
5156, 1
5157, 1
5158, 0
5159, 1
5160, 1
5161, 1
5162, 0
5163, 1
5164, 0
5165, 0
5166, 1
5167, 1
5168, 1
5169, 0
5170, 0
5171, 1
5172, 0
5173, 0
5174, 0
5175, 1
5176, 0
5177, 0
5178, 1
5179, 0
5180, 1
5181, 1
5182, 0
5183, 0
5184, 0
5185, 1
5186, 0
5187, 0
5188, 1
5189, 0
5190, 1
5191, 1
5192, 1
5193, 0
5194, 0
5195, 1
5196, 1
5197, 1
5198, 1
5199, 0
5200, 0
5201, 1
5202, 1
5203, 1
5204, 0
5205, 0
5206, 1
5207, 1
5208, 0
5209, 0
5210, 1
5211, 1
5212, 1
5213, 1
5214, 0
5215, 1
5216, 0
5217, 0
5218, 0
5219, 0
5220, 0
5221, 1
5222, 0
5223, 0
5224, 0
5225, 1
5226, 1
5227, 1
5228, 0
5229, 1
5230, 1
5231, 0
5232, 0
5233, 0
5234, 1
5235, 1
5236, 1
5237, 0
5238, 0
5239, 1
5240, 1
5241, 1
5242, 0
5243, 1
5244, 1
5245, 1
5246, 0
5247, 0
5248, 1
5249, 1
5250, 1
5251, 1
5252, 1
5253, 0
5254, 0
5255, 0
5256, 0
5257, 1
5258, 1
5259, 1
5260, 0
5261, 1
5262, 0
5263, 1
5264, 1
5265, 0
5266, 0
5267, 0
5268, 0
5269, 1
5270, 1
5271, 1
5272, 1
5273, 1
5274, 0
5275, 0
5276, 1
5277, 0
5278, 0
5279, 0
5280, 0
5281, 0
5282, 1
5283, 0
5284, 1
5285, 0
5286, 0
5287, 1
5288, 1
5289, 0
5290, 1
5291, 1
5292, 0
5293, 0
5294, 1
5295, 1
5296, 0
5297, 0
5298, 1
5299, 0
5300, 1
5301, 0
5302, 1
5303, 0
5304, 1
5305, 1
5306, 1
5307, 0
5308, 1
5309, 1
5310, 1
5311, 1
5312, 0
5313, 1
5314, 1
5315, 0
5316, 1
5317, 0
5318, 0
5319, 1
5320, 0
5321, 1
5322, 1
5323, 1
5324, 1
5325, 0
5326, 1
5327, 1
5328, 1
5329, 1
5330, 1
5331, 0
5332, 1
5333, 0
5334, 0
5335, 1
5336, 0
5337, 0
5338, 0
5339, 0
5340, 1
5341, 0
5342, 0
5343, 1
5344, 1
5345, 0
5346, 1
5347, 1
5348, 0
5349, 0
5350, 1
5351, 1
5352, 0
5353, 0
5354, 1
5355, 0
5356, 0
5357, 1
5358, 0
5359, 1
5360, 0
5361, 1
5362, 1
5363, 0
5364, 0
5365, 0
5366, 0
5367, 1
5368, 1
5369, 1
5370, 1
5371, 0
5372, 1
5373, 0
5374, 1
5375, 1
5376, 1
5377, 0
5378, 0
5379, 0
5380, 0
5381, 1
5382, 1
5383, 1
5384, 0
5385, 0
5386, 0
5387, 1
5388, 1
5389, 1
5390, 0
5391, 0
5392, 1
5393, 0
5394, 0
5395, 1
5396, 1
5397, 1
5398, 0
5399, 0
5400, 0
5401, 0
5402, 0
5403, 1
5404, 0
5405, 0
5406, 1
5407, 0
5408, 1
5409, 1
5410, 0
5411, 0
5412, 1
5413, 0
5414, 0
5415, 0
5416, 0
5417, 0
5418, 0
5419, 1
5420, 1
5421, 1
5422, 1
5423, 0
5424, 1
5425, 1
5426, 0
5427, 0
5428, 0
5429, 0
5430, 1
5431, 1
5432, 0
5433, 1
5434, 0
5435, 1
5436, 0
5437, 0
5438, 0
5439, 1
5440, 0
5441, 0
5442, 1
5443, 0
5444, 1
5445, 0
5446, 0
5447, 0
5448, 1
5449, 1
5450, 0
5451, 1
5452, 0
5453, 1
5454, 0
5455, 1
5456, 1
5457, 1
5458, 0
5459, 0
5460, 0
5461, 0
5462, 0
5463, 1
5464, 0
5465, 0
5466, 0
5467, 1
5468, 1
5469, 1
5470, 1
5471, 0
5472, 0
5473, 1
5474, 0
5475, 0
5476, 1
5477, 1
5478, 0
5479, 0
5480, 1
5481, 1
5482, 1
5483, 1
5484, 0
5485, 1
5486, 1
5487, 1
5488, 1
5489, 0
5490, 0
5491, 0
5492, 0
5493, 1
5494, 1
5495, 1
5496, 0
5497, 1
5498, 0
5499, 0
5500, 1
5501, 0
5502, 1
5503, 1
5504, 1
5505, 1
5506, 1
5507, 0
5508, 0
5509, 0
5510, 1
5511, 0
5512, 1
5513, 1
5514, 0
5515, 0
5516, 0
5517, 1
5518, 0
5519, 1
5520, 0
5521, 1
5522, 0
5523, 1
5524, 0
5525, 0
5526, 1
5527, 0
5528, 1
5529, 1
5530, 1
5531, 0
5532, 0
5533, 1
5534, 0
5535, 0
5536, 1
5537, 0
5538, 0
5539, 0
5540, 0
5541, 1
5542, 1
5543, 1
5544, 0
5545, 0
5546, 0
5547, 0
5548, 0
5549, 0
5550, 0
5551, 0
5552, 1
5553, 0
5554, 1
5555, 0
5556, 0
5557, 1
5558, 1
5559, 1
5560, 1
5561, 1
5562, 0
5563, 0
5564, 1
5565, 1
5566, 0
5567, 1
5568, 1
5569, 1
5570, 1
5571, 0
5572, 0
5573, 0
5574, 1
5575, 1
5576, 1
5577, 0
5578, 0
5579, 1
5580, 1
5581, 0
5582, 1
5583, 0
5584, 0
5585, 0
5586, 0
5587, 0
5588, 1
5589, 0
5590, 0
5591, 1
5592, 1
5593, 0
5594, 1
5595, 0
5596, 1
5597, 1
5598, 0
5599, 1
5600, 1
5601, 0
5602, 0
5603, 1
5604, 0
5605, 1
5606, 1
5607, 1
5608, 1
5609, 0
5610, 0
5611, 0
5612, 0
5613, 1
5614, 0
5615, 0
5616, 0
5617, 1
5618, 1
5619, 0
5620, 0
5621, 0
5622, 1
5623, 0
5624, 1
5625, 1
5626, 0
5627, 0
5628, 1
5629, 1
5630, 1
5631, 0
5632, 0
5633, 1
5634, 0
5635, 1
5636, 1
5637, 0
5638, 1
5639, 0
5640, 1
5641, 1
5642, 0
5643, 1
5644, 0
5645, 0
5646, 0
5647, 1
5648, 0
5649, 1
5650, 0
5651, 0
5652, 1
5653, 1
5654, 1
5655, 1
5656, 0
5657, 1
5658, 0
5659, 1
5660, 0
5661, 0
5662, 1
5663, 1
5664, 1
5665, 1
5666, 0
5667, 0
5668, 0
5669, 0
5670, 1
5671, 1
5672, 0
5673, 0
5674, 0
5675, 1
5676, 0
5677, 1
5678, 0
5679, 0
5680, 0
5681, 1
5682, 0
5683, 0
5684, 1
5685, 0
5686, 1
5687, 0
5688, 1
5689, 1
5690, 1
5691, 1
5692, 1
5693, 0
5694, 0
5695, 0
5696, 1
5697, 1
5698, 0
5699, 0
5700, 1
5701, 1
5702, 1
5703, 1
5704, 1
5705, 1
5706, 0
5707, 1
5708, 0
5709, 0
5710, 0
5711, 1
5712, 0
5713, 1
5714, 1
5715, 0
5716, 0
5717, 1
5718, 0
5719, 1
5720, 1
5721, 1
5722, 1
5723, 0
5724, 0
5725, 0
5726, 0
5727, 0
5728, 0
5729, 1
5730, 1
5731, 1
5732, 1
5733, 0
5734, 0
5735, 1
5736, 0
5737, 0
5738, 1
5739, 1
5740, 1
5741, 0
5742, 0
5743, 1
5744, 1
5745, 1
5746, 0
5747, 0
5748, 0
5749, 0
5750, 0
5751, 0
5752, 0
5753, 0
5754, 0
5755, 1
5756, 0
5757, 0
5758, 0
5759, 1
5760, 1
5761, 0
5762, 0
5763, 1
5764, 1
5765, 1
5766, 1
5767, 1
5768, 0
5769, 1
5770, 0
5771, 0
5772, 1
5773, 0
5774, 0
5775, 0
5776, 0
5777, 1
5778, 0
5779, 1
5780, 1
5781, 0
5782, 0
5783, 0
5784, 1
5785, 0
5786, 0
5787, 1
5788, 1
5789, 1
5790, 0
5791, 1
5792, 0
5793, 1
5794, 0
5795, 1
5796, 1
5797, 1
5798, 1
5799, 1
5800, 1
5801, 1
5802, 0
5803, 0
5804, 0
5805, 1
5806, 0
5807, 0
5808, 0
5809, 0
5810, 0
5811, 0
5812, 0
5813, 0
5814, 0
5815, 1
5816, 0
5817, 0
5818, 1
5819, 1
5820, 0
5821, 1
5822, 0
5823, 0
5824, 0
5825, 1
5826, 1
5827, 1
5828, 0
5829, 0
5830, 0
5831, 1
5832, 0
5833, 1
5834, 1
5835, 0
5836, 1
5837, 1
5838, 1
5839, 1
5840, 0
5841, 1
5842, 1
5843, 1
5844, 0
5845, 1
5846, 0
5847, 1
5848, 0
5849, 0
5850, 0
5851, 0
5852, 0
5853, 0
5854, 0
5855, 0
5856, 1
5857, 0
5858, 0
5859, 1
5860, 1
5861, 1
5862, 1
5863, 0
5864, 1
5865, 0
5866, 1
5867, 0
5868, 0
5869, 1
5870, 0
5871, 1
5872, 1
5873, 1
5874, 0
5875, 1
5876, 0
5877, 1
5878, 0
5879, 0
5880, 1
5881, 1
5882, 1
5883, 1
5884, 1
5885, 0
5886, 1
5887, 1
5888, 0
5889, 1
5890, 0
5891, 0
5892, 1
5893, 0
5894, 0
5895, 1
5896, 1
5897, 1
5898, 0
5899, 0
5900, 1
5901, 0
5902, 1
5903, 0
5904, 1
5905, 0
5906, 1
5907, 0
5908, 1
5909, 1
5910, 0
5911, 0
5912, 1
5913, 1
5914, 1
5915, 0
5916, 0
5917, 1
5918, 1
5919, 0
5920, 1
5921, 1
5922, 0
5923, 1
5924, 1
5925, 1
5926, 1
5927, 0
5928, 0
5929, 1
5930, 1
5931, 1
5932, 0
5933, 1
5934, 1
5935, 1
5936, 1
5937, 1
5938, 1
5939, 0
5940, 0
5941, 0
5942, 0
5943, 1
5944, 1
5945, 1
5946, 0
5947, 0
5948, 1
5949, 1
5950, 0
5951, 1
5952, 1
5953, 0
5954, 0
5955, 0
5956, 1
5957, 1
5958, 0
5959, 0
5960, 0
5961, 0
5962, 0
5963, 0
5964, 1
5965, 1
5966, 1
5967, 0
5968, 1
5969, 0
5970, 0
5971, 1
5972, 0
5973, 1
5974, 0
5975, 1
5976, 0
5977, 1
5978, 1
5979, 0
5980, 0
5981, 1
5982, 1
5983, 0
5984, 1
5985, 0
5986, 0
5987, 1
5988, 1
5989, 0
5990, 1
5991, 0
5992, 0
5993, 1
5994, 0
5995, 1
5996, 0
5997, 0
5998, 0
5999, 0
6000, 1
6001, 1
6002, 0
6003, 0
6004, 1
6005, 1
6006, 1
6007, 0
6008, 1
6009, 1
6010, 0
6011, 1
6012, 1
6013, 0
6014, 1
6015, 1
6016, 0
6017, 1
6018, 1
6019, 1
6020, 0
6021, 0
6022, 0
6023, 0
6024, 1
6025, 1
6026, 0
6027, 0
6028, 1
6029, 0
6030, 1
6031, 0
6032, 1
6033, 0
6034, 1
6035, 1
6036, 1
6037, 1
6038, 0
6039, 0
6040, 1
6041, 1
6042, 1
6043, 0
6044, 1
6045, 0
6046, 0
6047, 1
6048, 1
6049, 1
6050, 0
6051, 0
6052, 0
6053, 0
6054, 0
6055, 1
6056, 0
6057, 1
6058, 0
6059, 0
6060, 0
6061, 0
6062, 0
6063, 1
6064, 0
6065, 0
6066, 1
6067, 0
6068, 1
6069, 1
6070, 0
6071, 0
6072, 1
6073, 1
6074, 0
6075, 1
6076, 0
6077, 0
6078, 0
6079, 0
6080, 0
6081, 0
6082, 0
6083, 1
6084, 1
6085, 1
6086, 1
6087, 0
6088, 0
6089, 1
6090, 0
6091, 1
6092, 0
6093, 0
6094, 0
6095, 0
6096, 0
6097, 0
6098, 0
6099, 1
6100, 0
6101, 0
6102, 1
6103, 1
6104, 0
6105, 1
6106, 0
6107, 1
6108, 0
6109, 1
6110, 0
6111, 0
6112, 0
6113, 1
6114, 1
6115, 0
6116, 1
6117, 1
6118, 1
6119, 0
6120, 0
6121, 1
6122, 1
6123, 1
6124, 1
6125, 0
6126, 0
6127, 0
6128, 1
6129, 1
6130, 0
6131, 1
6132, 0
6133, 1
6134, 1
6135, 1
6136, 0
6137, 1
6138, 1
6139, 0
6140, 1
6141, 1
6142, 0
6143, 1
6144, 1
6145, 0
6146, 1
6147, 0
6148, 0
6149, 1
6150, 0
6151, 0
6152, 1
6153, 0
6154, 0
6155, 1
6156, 0
6157, 1
6158, 0
6159, 0
6160, 1
6161, 1
6162, 0
6163, 0
6164, 1
6165, 1
6166, 1
6167, 0
6168, 0
6169, 0
6170, 1
6171, 1
6172, 0
6173, 0
6174, 0
6175, 0
6176, 0
6177, 1
6178, 1
6179, 1
6180, 0
6181, 1
6182, 1
6183, 1
6184, 0
6185, 1
6186, 0
6187, 0
6188, 0
6189, 1
6190, 1
6191, 1
6192, 1
6193, 1
6194, 1
6195, 1
6196, 0
6197, 1
6198, 0
6199, 0
6200, 0
6201, 1
6202, 0
6203, 1
6204, 1
6205, 1
6206, 0
6207, 0
6208, 1
6209, 0
6210, 1
6211, 0
6212, 1
6213, 0
6214, 1
6215, 0
6216, 1
6217, 0
6218, 0
6219, 0
6220, 1
6221, 0
6222, 1
6223, 0
6224, 0
6225, 0
6226, 0
6227, 1
6228, 0
6229, 1
6230, 0
6231, 0
6232, 0
6233, 0
6234, 1
6235, 0
6236, 1
6237, 1
6238, 0
6239, 1
6240, 1
6241, 0
6242, 1
6243, 0
6244, 1
6245, 0
6246, 0
6247, 1
6248, 1
6249, 0
6250, 1
6251, 0
6252, 1
6253, 0
6254, 1
6255, 0
6256, 1
6257, 1
6258, 1
6259, 0
6260, 0
6261, 0
6262, 0
6263, 0
6264, 1
6265, 1
6266, 0
6267, 0
6268, 0
6269, 1
6270, 0
6271, 0
6272, 1
6273, 0
6274, 0
6275, 0
6276, 1
6277, 0
6278, 1
6279, 0
6280, 0
6281, 0
6282, 1
6283, 1
6284, 1
6285, 0
6286, 1
6287, 1
6288, 0
6289, 1
6290, 1
6291, 1
6292, 1
6293, 0
6294, 1
6295, 1
6296, 1
6297, 0
6298, 1
6299, 0
6300, 1
6301, 1
6302, 1
6303, 0
6304, 0
6305, 0
6306, 1
6307, 0
6308, 0
6309, 1
6310, 0
6311, 0
6312, 1
6313, 1
6314, 0
6315, 0
6316, 0
6317, 0
6318, 0
6319, 1
6320, 0
6321, 1
6322, 0
6323, 0
6324, 1
6325, 1
6326, 1
6327, 1
6328, 1
6329, 0
6330, 0
6331, 0
6332, 1
6333, 0
6334, 1
6335, 0
6336, 0
6337, 0
6338, 1
6339, 1
6340, 0
6341, 1
6342, 1
6343, 0
6344, 0
6345, 0
6346, 0
6347, 1
6348, 1
6349, 1
6350, 0
6351, 0
6352, 0
6353, 0
6354, 0
6355, 1
6356, 1
6357, 0
6358, 0
6359, 0
6360, 1
6361, 1
6362, 0
6363, 0
6364, 1
6365, 0
6366, 1
6367, 1
6368, 0
6369, 0
6370, 1
6371, 1
6372, 1
6373, 0
6374, 1
6375, 0
6376, 0
6377, 0
6378, 1
6379, 1
6380, 1
6381, 0
6382, 0
6383, 1
6384, 0
6385, 0
6386, 0
6387, 0
6388, 0
6389, 0
6390, 0
6391, 1
6392, 1
6393, 0
6394, 1
6395, 0
6396, 1
6397, 1
6398, 1
6399, 1
6400, 0
6401, 1
6402, 1
6403, 0
6404, 0
6405, 1
6406, 1
6407, 1
6408, 0
6409, 0
6410, 0
6411, 1
6412, 0
6413, 0
6414, 0
6415, 0
6416, 0
6417, 1
6418, 1
6419, 1
6420, 1
6421, 0
6422, 0
6423, 0
6424, 0
6425, 0
6426, 1
6427, 1
6428, 1
6429, 1
6430, 1
6431, 1
6432, 0
6433, 1
6434, 1
6435, 1
6436, 1
6437, 0
6438, 1
6439, 1
6440, 1
6441, 0
6442, 1
6443, 0
6444, 1
6445, 1
6446, 0
6447, 0
6448, 0
6449, 0
6450, 1
6451, 0
6452, 1
6453, 1
6454, 1
6455, 0
6456, 1
6457, 1
6458, 1
6459, 1
6460, 1
6461, 0
6462, 1
6463, 1
6464, 0
6465, 0
6466, 0
6467, 0
6468, 0
6469, 1
6470, 1
6471, 0
6472, 0
6473, 1
6474, 1
6475, 1
6476, 1
6477, 0
6478, 1
6479, 0
6480, 1
6481, 0
6482, 1
6483, 0
6484, 1
6485, 0
6486, 0
6487, 1
6488, 0
6489, 1
6490, 1
6491, 1
6492, 1
6493, 1
6494, 0
6495, 0
6496, 0
6497, 1
6498, 1
6499, 1
6500, 0
6501, 0
6502, 1
6503, 0
6504, 1
6505, 1
6506, 1
6507, 0
6508, 0
6509, 0
6510, 0
6511, 0
6512, 1
6513, 0
6514, 1
6515, 0
6516, 1
6517, 0
6518, 1
6519, 0
6520, 0
6521, 1
6522, 0
6523, 0
6524, 1
6525, 1
6526, 0
6527, 0
6528, 0
6529, 0
6530, 0
6531, 0
6532, 0
6533, 0
6534, 1
6535, 1
6536, 0
6537, 0
6538, 0
6539, 0
6540, 1
6541, 0
6542, 0
6543, 0
6544, 1
6545, 1
6546, 0
6547, 1
6548, 1
6549, 0
6550, 1
6551, 1
6552, 1
6553, 1
6554, 0
6555, 1
6556, 0
6557, 1
6558, 1
6559, 0
6560, 0
6561, 0
6562, 0
6563, 0
6564, 0
6565, 1
6566, 1
6567, 0
6568, 1
6569, 0
6570, 0
6571, 0
6572, 1
6573, 1
6574, 0
6575, 1
6576, 0
6577, 1
6578, 0
6579, 0
6580, 1
6581, 0
6582, 0
6583, 1
6584, 1
6585, 1
6586, 1
6587, 1
6588, 0
6589, 1
6590, 0
6591, 0
6592, 0
6593, 1
6594, 1
6595, 0
6596, 0
6597, 0
6598, 1
6599, 0
6600, 1
6601, 0
6602, 0
6603, 1
6604, 0
6605, 1
6606, 1
6607, 0
6608, 0
6609, 1
6610, 1
6611, 0
6612, 0
6613, 1
6614, 0
6615, 1
6616, 1
6617, 0
6618, 0
6619, 0
6620, 0
6621, 0
6622, 1
6623, 1
6624, 1
6625, 0
6626, 0
6627, 0
6628, 1
6629, 1
6630, 0
6631, 1
6632, 1
6633, 0
6634, 1
6635, 1
6636, 0
6637, 0
6638, 0
6639, 1
6640, 1
6641, 0
6642, 0
6643, 0
6644, 0
6645, 1
6646, 1
6647, 1
6648, 1
6649, 1
6650, 0
6651, 0
6652, 0
6653, 0
6654, 1
6655, 0
6656, 0
6657, 0
6658, 0
6659, 0
6660, 1
6661, 1
6662, 1
6663, 1
6664, 1
6665, 0
6666, 1
6667, 0
6668, 0
6669, 1
6670, 0
6671, 1
6672, 1
6673, 0
6674, 0
6675, 1
6676, 0
6677, 1
6678, 1
6679, 1
6680, 0
6681, 0
6682, 1
6683, 1
6684, 0
6685, 1
6686, 1
6687, 1
6688, 1
6689, 0
6690, 1
6691, 1
6692, 1
6693, 0
6694, 1
6695, 0
6696, 1
6697, 1
6698, 0
6699, 0
6700, 0
6701, 1
6702, 0
6703, 0
6704, 1
6705, 0
6706, 1
6707, 0
6708, 1
6709, 0
6710, 0
6711, 0
6712, 1
6713, 1
6714, 1
6715, 1
6716, 0
6717, 1
6718, 1
6719, 1
6720, 1
6721, 0
6722, 1
6723, 0
6724, 1
6725, 1
6726, 1
6727, 0
6728, 1
6729, 0
6730, 0
6731, 1
6732, 0
6733, 1
6734, 0
6735, 1
6736, 1
6737, 0
6738, 0
6739, 1
6740, 1
6741, 0
6742, 0
6743, 1
6744, 1
6745, 0
6746, 0
6747, 0
6748, 1
6749, 0
6750, 1
6751, 0
6752, 1
6753, 0
6754, 1
6755, 0
6756, 1
6757, 0
6758, 0
6759, 1
6760, 1
6761, 1
6762, 1
6763, 0
6764, 1
6765, 0
6766, 0
6767, 0
6768, 1
6769, 0
6770, 1
6771, 1
6772, 1
6773, 1
6774, 1
6775, 0
6776, 0
6777, 0
6778, 1
6779, 0
6780, 0
6781, 1
6782, 1
6783, 1
6784, 0
6785, 0
6786, 1
6787, 0
6788, 1
6789, 1
6790, 1
6791, 0
6792, 0
6793, 1
6794, 0
6795, 0
6796, 0
6797, 0
6798, 0
6799, 0
6800, 0
6801, 0
6802, 0
6803, 1
6804, 1
6805, 1
6806, 0
6807, 1
6808, 1
6809, 1
6810, 0
6811, 0
6812, 0
6813, 1
6814, 1
6815, 0
6816, 0
6817, 1
6818, 0
6819, 1
6820, 0
6821, 0
6822, 1
6823, 0
6824, 0
6825, 1
6826, 0
6827, 1
6828, 0
6829, 0
6830, 0
6831, 0
6832, 1
6833, 0
6834, 0
6835, 1
6836, 0
6837, 1
6838, 0
6839, 1
6840, 0
6841, 1
6842, 1
6843, 1
6844, 1
6845, 1
6846, 1
6847, 0
6848, 1
6849, 1
6850, 0
6851, 0
6852, 0
6853, 0
6854, 1
6855, 1
6856, 1
6857, 1
6858, 1
6859, 0
6860, 1
6861, 0
6862, 1
6863, 0
6864, 1
6865, 1
6866, 1
6867, 0
6868, 1
6869, 1
6870, 0
6871, 0
6872, 1
6873, 0
6874, 0
6875, 1
6876, 0
6877, 1
6878, 0
6879, 0
6880, 0
6881, 0
6882, 1
6883, 1
6884, 1
6885, 1
6886, 1
6887, 0
6888, 1
6889, 1
6890, 0
6891, 1
6892, 0
6893, 0
6894, 0
6895, 0
6896, 1
6897, 0
6898, 0
6899, 0
6900, 1
6901, 0
6902, 1
6903, 0
6904, 1
6905, 0
6906, 1
6907, 0
6908, 0
6909, 0
6910, 1
6911, 1
6912, 0
6913, 1
6914, 0
6915, 0
6916, 0
6917, 0
6918, 1
6919, 1
6920, 0
6921, 0
6922, 1
6923, 1
6924, 1
6925, 1
6926, 0
6927, 1
6928, 0
6929, 0
6930, 1
6931, 0
6932, 1
6933, 0
6934, 1
6935, 1
6936, 1
6937, 0
6938, 0
6939, 0
6940, 0
6941, 0
6942, 1
6943, 1
6944, 1
6945, 0
6946, 1
6947, 0
6948, 1
6949, 1
6950, 1
6951, 0
6952, 0
6953, 1
6954, 1
6955, 0
6956, 1
6957, 1
6958, 1
6959, 0
6960, 1
6961, 0
6962, 1
6963, 1
6964, 0
6965, 1
6966, 1
6967, 1
6968, 0
6969, 1
6970, 0
6971, 0
6972, 1
6973, 0
6974, 0
6975, 1
6976, 0
6977, 0
6978, 0
6979, 1
6980, 1
6981, 1
6982, 1
6983, 1
6984, 1
6985, 0
6986, 0
6987, 1
6988, 1
6989, 0
6990, 1
6991, 0
6992, 1
6993, 0
6994, 0
6995, 0
6996, 0
6997, 0
6998, 1
6999, 0
7000, 1
7001, 0
7002, 0
7003, 0
7004, 0
7005, 1
7006, 0
7007, 0
7008, 1
7009, 1
7010, 1
7011, 1
7012, 1
7013, 1
7014, 1
7015, 0
7016, 1
7017, 1
7018, 1
7019, 0
7020, 0
7021, 0
7022, 1
7023, 0
7024, 1
7025, 1
7026, 1
7027, 1
7028, 0
7029, 1
7030, 0
7031, 1
7032, 1
7033, 0
7034, 0
7035, 1
7036, 0
7037, 1
7038, 1
7039, 1
7040, 0
7041, 1
7042, 0
7043, 1
7044, 1
7045, 0
7046, 1
7047, 0
7048, 1
7049, 1
7050, 1
7051, 0
7052, 0
7053, 1
7054, 0
7055, 0
7056, 1
7057, 0
7058, 1
7059, 1
7060, 1
7061, 0
7062, 1
7063, 0
7064, 1
7065, 1
7066, 0
7067, 0
7068, 1
7069, 0
7070, 1
7071, 0
7072, 0
7073, 0
7074, 1
7075, 1
7076, 1
7077, 1
7078, 1
7079, 1
7080, 1
7081, 0
7082, 0
7083, 1
7084, 0
7085, 0
7086, 0
7087, 1
7088, 0
7089, 1
7090, 1
7091, 1
7092, 0
7093, 0
7094, 1
7095, 1
7096, 1
7097, 1
7098, 0
7099, 1
7100, 1
7101, 0
7102, 1
7103, 0
7104, 0
7105, 0
7106, 1
7107, 1
7108, 0
7109, 0
7110, 1
7111, 0
7112, 1
7113, 1
7114, 1
7115, 0
7116, 1
7117, 0
7118, 0
7119, 1
7120, 1
7121, 0
7122, 0
7123, 1
7124, 0
7125, 0
7126, 0
7127, 1
7128, 0
7129, 1
7130, 0
7131, 1
7132, 1
7133, 0
7134, 0
7135, 1
7136, 1
7137, 0
7138, 1
7139, 0
7140, 0
7141, 1
7142, 0
7143, 0
7144, 0
7145, 1
7146, 0
7147, 0
7148, 0
7149, 1
7150, 1
7151, 0
7152, 1
7153, 0
7154, 1
7155, 0
7156, 0
7157, 1
7158, 1
7159, 1
7160, 0
7161, 1
7162, 0
7163, 1
7164, 1
7165, 0
7166, 1
7167, 0
7168, 1
7169, 1
7170, 0
7171, 0
7172, 0
7173, 1
7174, 1
7175, 1
7176, 1
7177, 1
7178, 0
7179, 1
7180, 0
7181, 0
7182, 0
7183, 1
7184, 0
7185, 1
7186, 0
7187, 1
7188, 1
7189, 1
7190, 0
7191, 1
7192, 1
7193, 0
7194, 0
7195, 0
7196, 0
7197, 1
7198, 1
7199, 1
7200, 0
7201, 0
7202, 0
7203, 0
7204, 0
7205, 0
7206, 0
7207, 0
7208, 1
7209, 1
7210, 0
7211, 0
7212, 0
7213, 1
7214, 1
7215, 0
7216, 0
7217, 0
7218, 0
7219, 1
7220, 1
7221, 0
7222, 0
7223, 1
7224, 0
7225, 0
7226, 1
7227, 1
7228, 0
7229, 1
7230, 1
7231, 1
7232, 0
7233, 0
7234, 0
7235, 1
7236, 1
7237, 0
7238, 0
7239, 1
7240, 1
7241, 1
7242, 0
7243, 1
7244, 1
7245, 0
7246, 1
7247, 0
7248, 1
7249, 1
7250, 0
7251, 0
7252, 1
7253, 0
7254, 0
7255, 1
7256, 0
7257, 0
7258, 1
7259, 0
7260, 1
7261, 1
7262, 0
7263, 0
7264, 0
7265, 0
7266, 1
7267, 0
7268, 1
7269, 0
7270, 0
7271, 1
7272, 1
7273, 0
7274, 0
7275, 1
7276, 1
7277, 1
7278, 0
7279, 0
7280, 1
7281, 1
7282, 0
7283, 0
7284, 1
7285, 0
7286, 1
7287, 0
7288, 0
7289, 1
7290, 1
7291, 1
7292, 1
7293, 0
7294, 0
7295, 1
7296, 0
7297, 0
7298, 0
7299, 0
7300, 1
7301, 1
7302, 0
7303, 0
7304, 1
7305, 0
7306, 0
7307, 0
7308, 1
7309, 1
7310, 0
7311, 1
7312, 1
7313, 1
7314, 1
7315, 1
7316, 1
7317, 0
7318, 0
7319, 1
7320, 0
7321, 1
7322, 1
7323, 1
7324, 0
7325, 1
7326, 1
7327, 0
7328, 1
7329, 0
7330, 0
7331, 1
7332, 0
7333, 1
7334, 0
7335, 1
7336, 0
7337, 0
7338, 0
7339, 0
7340, 0
7341, 1
7342, 1
7343, 1
7344, 1
7345, 0
7346, 0
7347, 0
7348, 1
7349, 1
7350, 1
7351, 1
7352, 1
7353, 1
7354, 0
7355, 1
7356, 0
7357, 0
7358, 0
7359, 0
7360, 1
7361, 1
7362, 0
7363, 0
7364, 1
7365, 1
7366, 1
7367, 1
7368, 0
7369, 0
7370, 1
7371, 0
7372, 1
7373, 0
7374, 1
7375, 0
7376, 0
7377, 1
7378, 0
7379, 1
7380, 1
7381, 1
7382, 1
7383, 0
7384, 0
7385, 0
7386, 0
7387, 0
7388, 1
7389, 0
7390, 1
7391, 1
7392, 1
7393, 1
7394, 0
7395, 0
7396, 1
7397, 0
7398, 1
7399, 0
7400, 0
7401, 1
7402, 0
7403, 1
7404, 0
7405, 1
7406, 0
7407, 0
7408, 0
7409, 1
7410, 1
7411, 1
7412, 0
7413, 1
7414, 0
7415, 0
7416, 1
7417, 0
7418, 0
7419, 0
7420, 1
7421, 0
